{"__class__": "lmfit.ModelResult", "__version__": "1", "model": {"__class__": "Tuple", "value": [{"__class__": "Tuple", "value": ["hanger_func_complex_SI", {"__class__": "Callable", "__name__": "hanger_func_complex_SI", "pyversion": "3.9", "value": "gASVVAAAAAAAAACMNXN1cGVyY29uZHVjdGluZ19xdWJpdF90b29scy5mdW5jdGlvbmFscy5waHlzaWNzX2Jhc2VklIwWaGFuZ2VyX2Z1bmNfY29tcGxleF9TSZSTlC4=", "importer": "superconducting_qubit_tools.functionals.physics_based"}, "hanger_func_complex_SI", "", {"__class__": "List", "value": ["f"]}, {"__class__": "List", "value": ["fr", "Ql", "Qe", "A", "theta", "phi_v", "phi_0", "alpha"]}, {"__class__": "Dict", "Ql": {"__class__": "Dict", "min": 2027.3676045348584, "value": 19516.215942644398}, "Qe": {"__class__": "Dict", "min": 2027.3676045348584, "value": 17216.62011021672}, "Qi": {"__class__": "Dict", "expr": "1./(1./Ql-1./Qe*cos(theta))", "vary": 0}, "Qc": {"__class__": "Dict", "expr": "Qe/cos(theta)", "vary": 0}, "fr": {"__class__": "Dict", "value": 7095786615.8720045, "min": 7095596170.530159, "max": 7095946170.530159}, "A": {"__class__": "Dict", "value": 0.6215853143028796, "min": 0.31337761983903195, "max": 0.6267552396780639}, "alpha": {"__class__": "Dict", "value": 32.51124734416462}, "phi_0": {"__class__": "Dict", "value": 2.3329842677385546, "min": 1.704665737020596, "max": 2.9613027984565132}, "phi_v": {"__class__": "Dict", "value": -11101.173494875888}, "theta": {"__class__": "Dict", "value": -0.06673579040329702, "min": -6.283185307179586, "max": 6.283185307179586}}, "raise", {"__class__": "Dict"}]}, null, null]}, "params": [["fr", 7095790735.805359, true, null, 7095596170.530159, 7095946170.530159, null, 1044.5237724182682, {"Ql": 0.0006473804951767248, "Qe": -0.008056231473959539, "A": -0.032181599811572675, "theta": -0.8141451248539425, "phi_v": 0.028806115459860077, "phi_0": -0.9207402531248872, "alpha": -0.43074056197404564}, 7095786615.8720045, null], ["Ql", 16507.7029262707, true, null, 2027.3676045348584, Infinity, null, 80.22065152279117, {"fr": 0.0006473804951767248, "Qe": 0.8141099453805298, "A": -0.4425925520586853, "theta": -0.009461766050905639, "phi_v": 0.43066767738155015, "phi_0": 0.014054386917832009, "alpha": 0.027334408672893364}, 17216.62011021672, null], ["Qe", 18310.03150275891, true, null, 2027.3676045348584, Infinity, null, 69.02743433215151, {"fr": -0.008056231473959539, "Ql": 0.8141099453805298, "A": -0.38359219423061464, "theta": -0.0007342416881372438, "phi_v": 0.560026044792354, "phi_0": 0.026379194538478062, "alpha": 0.042568453431742266}, 19516.215942644398, null], ["A", 0.6239121650726283, true, null, 0.31337761983903195, 0.6267552396780639, null, 0.0005429852080793626, {"fr": -0.032181599811572675, "Ql": -0.4425925520586853, "Qe": -0.38359219423061464, "theta": 0.04713507649662819, "phi_v": -0.20699760944802784, "phi_0": 0.023173760548758783, "alpha": 0.004077138508442055}, 0.6215853143028796, null], ["theta", -0.07805393671146454, true, null, -6.283185307179586, 6.283185307179586, null, 0.0037704011331782315, {"fr": -0.8141451248539425, "Ql": -0.009461766050905639, "Qe": -0.0007342416881372438, "A": 0.04713507649662819, "phi_v": -0.04400733594763514, "phi_0": 0.759758086510806, "alpha": 0.5601176533924667}, -0.06673579040329702, null], ["phi_v", -9894.823999843738, true, null, -Infinity, Infinity, null, 5.404469820886443, {"fr": 0.028806115459860077, "Ql": 0.43066767738155015, "Qe": 0.560026044792354, "A": -0.20699760944802784, "theta": -0.04400733594763514, "phi_0": -0.020527646375862636, "alpha": -0.0005675234563083447}, -11101.173494875888, null], ["phi_0", 2.796152875215205, true, null, 1.704665737020596, 2.9613027984565132, null, 0.002000406363777161, {"fr": -0.9207402531248872, "Ql": 0.014054386917832009, "Qe": 0.026379194538478062, "A": 0.023173760548758783, "theta": 0.759758086510806, "phi_v": -0.020527646375862636, "alpha": 0.4037417136676775}, 2.3329842677385546, null], ["alpha", 20.474819967490877, true, null, -Infinity, Infinity, null, 5.404056970994324, {"fr": -0.43074056197404564, "Ql": 0.027334408672893364, "Qe": 0.042568453431742266, "A": 0.004077138508442055, "theta": 0.5601176533924667, "phi_v": -0.0005675234563083447, "phi_0": 0.4037417136676775}, 32.51124734416462, null], ["Qi", 163153.6016247233, false, "1./(1./Ql-1./Qe*cos(theta))", -Infinity, Infinity, null, 4654.955779523636, null, 143718.8849939894, null], ["Qc", 18365.94961656755, false, "Qe/cos(theta)", -Infinity, Infinity, null, 69.45371056620147, null, 19559.756087203816, null]], "unique_symbols": {"False": 0, "little_endian": 1, "phi_0": 2.796152875215205, "Inf": Infinity, "e": 2.718281828459045, "True": 1, "infty": Infinity, "loggammafcn": {"__class__": "Callable", "__name__": "loggamma", "pyversion": "3.9", "value": "gASVJgAAAAAAAACMFXNjaXB5LnNwZWNpYWwuX3VmdW5jc5SMCGxvZ2dhbW1hlJOULg==", "importer": "scipy.special._ufuncs"}, "fr": 7095790735.805359, "newaxis": null, "wofz": {"__class__": "Callable", "__name__": "wofz", "pyversion": "3.9", "value": "gASVIgAAAAAAAACMFXNjaXB5LnNwZWNpYWwuX3VmdW5jc5SMBHdvZnqUk5Qu", "importer": "scipy.special._ufuncs"}, "None": null, "A": 0.6239121650726283, "nan": NaN, "erf": {"__class__": "Callable", "__name__": "erf", "pyversion": "3.9", "value": "gASVIQAAAAAAAACMFXNjaXB5LnNwZWNpYWwuX3VmdW5jc5SMA2VyZpSTlC4=", "importer": "scipy.special._ufuncs"}, "theta": -0.07805393671146454, "inf": Infinity, "NAN": NaN, "phi_v": -9894.823999843738, "Ql": 16507.7029262707, "alpha": 20.47481966239228, "gamfcn": {"__class__": "Callable", "__name__": "gamma", "pyversion": "3.9", "value": "gASVIwAAAAAAAACMFXNjaXB5LnNwZWNpYWwuX3VmdW5jc5SMBWdhbW1hlJOULg==", "importer": "scipy.special._ufuncs"}, "erfc": {"__class__": "Callable", "__name__": "erfc", "pyversion": "3.9", "value": "gASVIgAAAAAAAACMFXNjaXB5LnNwZWNpYWwuX3VmdW5jc5SMBGVyZmOUk5Qu", "importer": "scipy.special._ufuncs"}, "betalnfnc": {"__class__": "Callable", "__name__": "betaln", "pyversion": "3.9", "value": "gASVJAAAAAAAAACMFXNjaXB5LnNwZWNpYWwuX3VmdW5jc5SMBmJldGFsbpSTlC4=", "importer": "scipy.special._ufuncs"}, "Qc": 18365.94961656755, "Qi": 163153.6016247233, "Qe": 18310.03150275891, "pi": 3.141592653589793}, "aborted": 0, "aic": -1759.5090952968428, "best_values": {"__class__": "Dict", "fr": 7095790735.805359, "Ql": 16507.7029262707, "Qe": 18310.03150275891, "A": 0.6239121650726283, "theta": -0.07805393671146454, "phi_v": -9894.823999843738, "phi_0": 2.796152875215205, "alpha": 20.474819967490877}, "bic": -1734.9077047749722, "chisqr": 0.0024254019145390983, "ci_out": null, "col_deriv": 0, "covar": {"__class__": "NDArray", "__shape__": [8, 8], "__dtype__": "float64", "value": [1091029.9111468904, 54.2455508732266, -580.8607029106493, -0.018252146976219876, -3.2063262641213415, 162.61332187607493, -1.9238609795235149, -2431.3865936699954, 54.2455508732266, 6435.352930741098, 4508.073379010306, -0.01927872395863603, -0.002861843941822783, 186.71601036068577, 0.002255362306287641, 11.849930054120472, -580.8607029106493, 4508.073379010306, 4764.78669047949, -0.014377371387516264, -0.00019109456162820065, 208.92146015426113, 0.0036425161804534076, 15.879233036516094, -0.018252146976219876, -0.01927872395863603, -0.014377371387516264, 2.9483293619298874e-07, 9.649832439587492e-08, -0.0006074442490547756, 2.5171131666242162e-08, 1.1963641294892234e-05, -3.2063262641213415, -0.002861843941822783, -0.00019109456162820065, 9.649832439587492e-08, 1.4215924705071692e-05, -0.0008967383267688516, 5.730349567373384e-06, 0.011412656257519567, 162.61332187607493, 186.71601036068577, 208.92146015426113, -0.0006074442490547756, -0.0008967383267688516, 29.20829404487234, -0.00022192717308658051, -0.016575125711140785, -1.9238609795235149, 0.002255362306287641, 0.0036425161804534076, 2.5171131666242162e-08, 5.730349567373384e-06, -0.00022192717308658051, 4.001625620240163e-06, 0.004364573066506971, -2431.3865936699954, 11.849930054120472, 15.879233036516094, 1.1963641294892234e-05, 0.011412656257519567, -0.016575125711140785, 0.004364573066506971, 29.203831745752346]}, "errorbars": 1, "flatchain": null, "ier": 1, "init_values": {"__class__": "Dict", "fr": 7095786615.8720045, "Ql": 17216.62011021672, "Qe": 19516.215942644398, "A": 0.6215853143028796, "theta": -0.06673579040329702, "phi_v": -11101.173494875888, "phi_0": 2.3329842677385546, "alpha": 32.51124734416462}, "lmdif_message": "Both actual and predicted relative reductions in the sum of squares\n  are at most 0.000000", "message": "Fit succeeded.", "method": "leastsq", "nan_policy": "raise", "ndata": 160, "nfev": 55, "nfree": 152, "nvarys": 8, "redchi": 1.5956591543020382e-05, "residual": {"__class__": "NDArray", "__shape__": [160], "__dtype__": "float64", "value": [0.0016331579971638477, -0.003505670878696465, 0.0014044505320774947, -0.0033599324924323826, 0.001282812500754349, -0.0032219208710829728, 0.0011358161801033329, -0.003209764993622577, 0.001004880366505534, -0.003138745771180229, 0.0005817826682587568, -0.0031121630796588917, 0.00033112444120414475, -0.003053080495202587, 4.5014404770088445e-05, -0.00293159221216277, -0.0002564042885784684, -0.002769514635288073, -0.0001933192924572641, -0.002565055364360802, -0.00018185481623928662, -0.002388897586119043, 1.5936783764467638e-05, -0.0022555749100233724, 3.4864243427926156e-05, -0.0020938565426069644, 5.3125248097182776e-05, -0.001955100798663567, 0.00032846211070042264, -0.0019625844498775136, 0.0004007156467627504, -0.0018810160802159581, 0.00048771679954678904, -0.0017566998390314836, 0.0006524992329300372, -0.0016764678771855612, 0.0008040428808963052, -0.001635321011880242, 0.000999948506538173, -0.0016931793592909195, 0.001293309104333118, -0.0018250453966124902, 0.0014997576280171843, -0.0018366445009957433, 0.0016999839291471641, -0.0018425617193499888, 0.001935442031618828, -0.0018711430045466604, 0.0022821783058064593, -0.0020838328118608085, 0.002537766304361977, -0.0021055319431887987, 0.0029673938001230082, -0.002346151441706107, 0.0033320906962169827, -0.0027759431011031566, 0.003824996194719432, -0.002956702593438623, 0.00426772484487381, -0.0034086882809317848, 0.004873828508183742, -0.003850048294253736, 0.0052190548454822405, -0.004769279059484044, 0.005763124243563511, -0.005524587666376327, 0.005931500490202801, -0.0064665161888551315, 0.0060832192672324314, -0.007115031035716424, 0.006010965661770673, -0.007205983732717913, 0.006312841394153834, -0.006210895928340954, 0.008103588964025576, -0.0042495847273599785, 0.010686517668503329, -0.001203831852646886, 0.01400577669194452, 0.0007698461576996218, 0.014440696965602684, 0.00026311355174104406, 0.0117619280366843, 0.001515248628080862, 0.00846361522907424, 0.004075314950436781, 0.00680459272957451, 0.006478356671281119, 0.006552444922912848, 0.007309808654201777, 0.006100862539306973, 0.0071991876727733745, 0.005723600310689636, 0.006297503457697792, 0.005024879964785178, 0.0059070805102432455, 0.004533950873409687, 0.00564522584500432, 0.004204583452594057, 0.005325808455984404, 0.0038715064413641365, 0.004749065988839785, 0.003532823636760274, 0.004326379307323325, 0.003166735175250346, 0.0037422554384832774, 0.002759276044784431, 0.003239328636645389, 0.002515172421814149, 0.002935541032115685, 0.0020669184175755584, 0.0025687832580522096, 0.001960555502417055, 0.002446685491554468, 0.001658692575348203, 0.002248954671908443, 0.001265848074109427, 0.0020270229133855233, 0.001123019232633679, 0.001936511415323694, 0.0010468797784607825, 0.0019235250595875941, 0.0009346463906621111, 0.0019268104188217006, 0.0006638271881344165, 0.0018667146897389797, 0.0006030271919917618, 0.0018876804275549386, 0.0003542485899314385, 0.0019020864844080387, 0.0003538778434264145, 0.0018429532966290907, 0.00027722433092947085, 0.0019223007835619255, 6.827484552257568e-05, 0.0020841300880845015, -5.115979684677807e-05, 0.00222628734093433, -0.00024312467341564004, 0.002480540933053055, -0.00033471355642233913, 0.0026344866348253504, -0.0003462237546256186, 0.0028976508192146144, -0.0002988318678819879, 0.003082558010987446, -0.0002482374645691454, 0.003254028278792398, -0.00011925372838705872, 0.003384107314809981, 2.011700937354366e-05, 0.00344692440849087, 0.0001885141974058424, 0.003567185653922611, 0.00031319302451016107, 0.0037430979230971273, 0.0005026496169538985, 0.003938372585312683, 0.000791179432756306, 0.003992721158559143]}, "rsquared": -2425401914538.098, "scale_covar": 1, "calc_covar": 1, "success": 1, "userargs": {"__class__": "Tuple", "value": [{"__class__": "NDArray", "__shape__": [80], "__dtype__": "complex128", "value": [[0.4239363200863687, 0.39119259081506463, 0.35624553307336193, 0.3193991921652686, 0.28079455870538444, 0.24093235581271757, 0.19954985179817258, 0.15706544149498505, 0.11367738211836298, 0.0692314318949034, 0.024375754426733294, -0.020889748204785192, -0.06595681883453686, -0.11075587654952372, -0.15529255232743422, -0.19885045784417751, -0.24138707380942387, -0.28270067196516624, -0.32243038986645856, -0.3603577375165067, -0.39625163879543635, -0.42963276556822866, -0.4602721531676501, -0.48788139774861083, -0.5121787816631429, -0.5325655000553402, -0.5488569112907227, -0.560290276404876, -0.5664329067094184, -0.5663404603034737, -0.5592704024992748, -0.5435909784016053, -0.5182403798217475, -0.4807819263065043, -0.42949180023834427, -0.3624130914238061, -0.28036000145267853, -0.19038141229924896, -0.10941459824972523, -0.06902438227770442, -0.09510599632989969, -0.18344458514699485, -0.2968646766204163, -0.39824696845803315, -0.47047590205607676, -0.5120257158079087, -0.5292667287016825, -0.5281793511059439, -0.5142915609161273, -0.49112883272157054, -0.46101286240630335, -0.4256823233719505, -0.3863605393492191, -0.34395294788772446, -0.299368939480318, -0.25280279072890577, -0.20526599783028524, -0.1566206073770306, -0.10732440761012702, -0.058038551975356414, -0.008875349871286478, 0.03999123705708818, 0.08842220716005887, 0.13580042493826708, 0.18228695683183466, 0.22721935629646664, 0.27070683577052546, 0.31260052367985164, 0.352484533148739, 0.39033799152532667, 0.42581666655137473, 0.4587816010639616, 0.4891072872219636, 0.5167158061196645, 0.5414118955879603, 0.5631574714783639, 0.581842201191912, 0.5974618850804913, 0.6098461313550508, 0.6189140376923545], [-0.43646793516426474, -0.46599482897752426, -0.4930791676963429, -0.517449292159162, -0.5391474940938722, -0.5579397577938943, -0.573784557586655, -0.5866060625830102, -0.5962898423903503, -0.6027585174903441, -0.6058759129929089, -0.6055758378662944, -0.6018917674636282, -0.5947484699169135, -0.5840125687696555, -0.5699228355806515, -0.5524497512198683, -0.5315362278090842, -0.5072295702480956, -0.4795243074373321, -0.44851164438669755, -0.4144635596561851, -0.3773546783044738, -0.3372579005790676, -0.2941265314546628, -0.24846703290543332, -0.200023429986146, -0.14901287785144787, -0.09611394861143983, -0.04113426607296876, 0.015167748641781173, 0.07254686581640055, 0.12917807870034642, 0.18344111171884542, 0.2315209600153234, 0.2675508193559745, 0.28202496406469446, 0.2624569685152815, 0.19649563504709633, 0.08755585101434649, -0.03235868867502368, -0.11811784418699622, -0.1411831526986902, -0.10878977810515385, -0.0434637837598659, 0.034562095981256605, 0.11403154536602701, 0.18853325715318905, 0.25652480227829594, 0.3177330386670088, 0.3724997612860475, 0.4207611674358627, 0.4632174798008518, 0.49998345019960605, 0.5312521501549523, 0.5575500903928575, 0.5787940948739773, 0.5954974032477978, 0.6077781504755434, 0.6156339821566241, 0.619261631505805, 0.618859496951045, 0.6146424310681411, 0.6066021652780746, 0.594965704921169, 0.5799442996801724, 0.5614763021389916, 0.5397750248314989, 0.515107403030731, 0.4875141842482902, 0.45738807231714856, 0.4247074900125374, 0.38985522198548944, 0.3529686956736421, 0.3142845167971612, 0.27404298079602013, 0.23233886718749996, 0.18939773388123246, 0.14548307367202767, 0.10098493084630328]]}, null]}, "userkws": {"__class__": "Dict", "f": {"__class__": "NDArray", "__shape__": [80], "__dtype__": "float64", "value": [7093796170.530159, 7093846170.530159, 7093896170.530159, 7093946170.530159, 7093996170.530159, 7094046170.530159, 7094096170.530159, 7094146170.530159, 7094196170.530159, 7094246170.530159, 7094296170.530159, 7094346170.530159, 7094396170.530159, 7094446170.530159, 7094496170.530159, 7094546170.530159, 7094596170.530159, 7094646170.530159, 7094696170.530159, 7094746170.530159, 7094796170.530159, 7094846170.530159, 7094896170.530159, 7094946170.530159, 7094996170.530159, 7095046170.530159, 7095096170.530159, 7095146170.530159, 7095196170.530159, 7095246170.530159, 7095296170.530159, 7095346170.530159, 7095396170.530159, 7095446170.530159, 7095496170.530159, 7095546170.530159, 7095596170.530159, 7095646170.530159, 7095696170.530159, 7095746170.530159, 7095796170.530159, 7095846170.530159, 7095896170.530159, 7095946170.530159, 7095996170.530159, 7096046170.530159, 7096096170.530159, 7096146170.530159, 7096196170.530159, 7096246170.530159, 7096296170.530159, 7096346170.530159, 7096396170.530159, 7096446170.530159, 7096496170.530159, 7096546170.530159, 7096596170.530159, 7096646170.530159, 7096696170.530159, 7096746170.530159, 7096796170.530159, 7096846170.530159, 7096896170.530159, 7096946170.530159, 7096996170.530159, 7097046170.530159, 7097096170.530159, 7097146170.530159, 7097196170.530159, 7097246170.530159, 7097296170.530159, 7097346170.530159, 7097396170.530159, 7097446170.530159, 7097496170.530159, 7097546170.530159, 7097596170.530159, 7097646170.530159, 7097696170.530159, 7097746170.530159]}}, "values": {"__class__": "Dict", "fr": 7095790735.805359, "Ql": 16507.7029262707, "Qe": 18310.03150275891, "A": 0.6239121650726283, "theta": -0.07805393671146454, "phi_v": -9894.823999843738, "phi_0": 2.796152875215205, "alpha": 20.474819967490877, "Qi": 163153.6016247233, "Qc": 18365.94961656755}, "var_names": {"__class__": "List", "value": ["fr", "Ql", "Qe", "A", "theta", "phi_v", "phi_0", "alpha"]}, "weights": null, "user_options": null}