{"__class__": "lmfit.ModelResult", "__version__": "1", "model": {"__class__": "Tuple", "value": [{"__class__": "Tuple", "value": ["hanger_func_magnitude", {"__class__": "Callable", "__name__": "hanger_func_magnitude", "pyversion": "3.9", "value": "gASVUwAAAAAAAACMNXN1cGVyY29uZHVjdGluZ19xdWJpdF90b29scy5mdW5jdGlvbmFscy5waHlzaWNzX2Jhc2VklIwVaGFuZ2VyX2Z1bmNfbWFnbml0dWRllJOULg==", "importer": "superconducting_qubit_tools.functionals.physics_based"}, "hanger_func_magnitude", "", {"__class__": "List", "value": ["f"]}, {"__class__": "List", "value": ["fr", "Ql", "Qe", "A", "theta", "alpha"]}, {"__class__": "Dict", "Ql": {"__class__": "Dict", "min": 181.95887616744, "value": 10644.594255795238}, "Qe": {"__class__": "Dict", "min": 0, "value": 13010.05964597196}, "Qi": {"__class__": "Dict", "expr": "1./(1./Ql-1./Qe*cos(theta))", "vary": 0}, "Qc": {"__class__": "Dict", "expr": "Qe/cos(theta)", "vary": 0}, "fr": {"__class__": "Dict", "value": 7096396170.530159, "min": 7093796170.530159, "max": 7097696170.530159}, "A": {"__class__": "Dict", "value": 0.014666362738819877, "min": 0.004332038415904266, "max": 0.015205896376932437}, "alpha": {"__class__": "Dict", "value": 57.011807710040785}, "theta": {"__class__": "Dict", "value": 0, "min": -6.283185307179586, "max": 6.283185307179586}}, "raise", {"__class__": "Dict"}]}, null, null]}, "params": [["fr", 7096402094.0969715, true, null, 7093796170.530159, 7097696170.530159, null, 726.2539346317003, {"Ql": 0.08697888287349025, "Qe": 0.13490922610888867, "A": -0.22514167815652328, "theta": -0.8911276130596716, "alpha": -0.5473072522491892}, 7096396170.530159, null], ["Ql", 15139.485463572142, true, null, 181.95887616744, Infinity, null, 40.19696467694695, {"fr": 0.08697888287349025, "Qe": 0.7195339309610677, "A": -0.6313312667919596, "theta": -0.1469653378850514, "alpha": -0.3339697648139526}, 10644.594255795238, null], ["Qe", 17800.64867169407, true, null, 0, Infinity, null, 49.138902745767226, {"fr": 0.13490922610888867, "Ql": 0.7195339309610677, "A": -0.5564279925510176, "theta": -0.18526924838270437, "alpha": -0.3067591210704703}, 13010.05964597196, null], ["A", 0.015186760214127801, true, null, 0.004332038415904266, 0.015205896376932437, null, 7.377741249829177e-06, {"fr": -0.22514167815652328, "Ql": -0.6313312667919596, "Qe": -0.5564279925510176, "theta": 0.3017067386438552, "alpha": 0.6170254798233302}, 0.014666362738819877, null], ["theta", -0.0633671513555063, true, null, -6.283185307179586, 6.283185307179586, null, 0.002156932134121693, {"fr": -0.8911276130596716, "Ql": -0.1469653378850514, "Qe": -0.18526924838270437, "A": 0.3017067386438552, "alpha": 0.656121638663155}, 0, null], ["alpha", 56.78165742252529, true, null, -Infinity, Infinity, null, 2.4698944285409463, {"fr": -0.5473072522491892, "Ql": -0.3339697648139526, "Qe": -0.3067591210704703, "A": 0.6170254798233302, "theta": 0.656121638663155}, 57.011807710040785, null], ["Qi", 100125.50640085965, false, "1./(1./Ql-1./Qe*cos(theta))", -Infinity, Infinity, null, 1258.2725544443722, null, 58545.26840687379, null], ["Qc", 17836.4468882145, false, "Qe/cos(theta)", -Infinity, Infinity, null, 49.74786160165377, null, 13010.05964597196, null]], "unique_symbols": {"False": 0, "little_endian": 1, "Inf": Infinity, "e": 2.718281828459045, "True": 1, "infty": Infinity, "loggammafcn": {"__class__": "Callable", "__name__": "loggamma", "pyversion": "3.9", "value": "gASVJgAAAAAAAACMFXNjaXB5LnNwZWNpYWwuX3VmdW5jc5SMCGxvZ2dhbW1hlJOULg==", "importer": "scipy.special._ufuncs"}, "fr": 7096402094.0969715, "newaxis": null, "wofz": {"__class__": "Callable", "__name__": "wofz", "pyversion": "3.9", "value": "gASVIgAAAAAAAACMFXNjaXB5LnNwZWNpYWwuX3VmdW5jc5SMBHdvZnqUk5Qu", "importer": "scipy.special._ufuncs"}, "None": null, "A": 0.015186760214127801, "nan": NaN, "erf": {"__class__": "Callable", "__name__": "erf", "pyversion": "3.9", "value": "gASVIQAAAAAAAACMFXNjaXB5LnNwZWNpYWwuX3VmdW5jc5SMA2VyZpSTlC4=", "importer": "scipy.special._ufuncs"}, "theta": -0.0633671513555063, "inf": Infinity, "NAN": NaN, "Ql": 15139.485463572142, "alpha": 56.78165657641266, "gamfcn": {"__class__": "Callable", "__name__": "gamma", "pyversion": "3.9", "value": "gASVIwAAAAAAAACMFXNjaXB5LnNwZWNpYWwuX3VmdW5jc5SMBWdhbW1hlJOULg==", "importer": "scipy.special._ufuncs"}, "erfc": {"__class__": "Callable", "__name__": "erfc", "pyversion": "3.9", "value": "gASVIgAAAAAAAACMFXNjaXB5LnNwZWNpYWwuX3VmdW5jc5SMBGVyZmOUk5Qu", "importer": "scipy.special._ufuncs"}, "betalnfnc": {"__class__": "Callable", "__name__": "betaln", "pyversion": "3.9", "value": "gASVJAAAAAAAAACMFXNjaXB5LnNwZWNpYWwuX3VmdW5jc5SMBmJldGFsbpSTlC4=", "importer": "scipy.special._ufuncs"}, "Qc": 17836.4468882145, "Qi": 100125.50640085965, "Qe": 17800.64867169407, "pi": 3.141592653589793}, "aborted": 0, "aic": -837.3205012930778, "best_values": {"__class__": "Dict", "fr": 7096402094.0969715, "Ql": 15139.485463572142, "Qe": 17800.64867169407, "A": 0.015186760214127801, "theta": -0.0633671513555063, "alpha": 56.78165742252529}, "bic": -827.1872245683942, "chisqr": 2.4025908255313664e-08, "ci_out": null, "col_deriv": 0, "covar": {"__class__": "NDArray", "__shape__": [6, 6], "__dtype__": "float64", "value": [527444.777568026, 2539.192250271966, 4814.548920418217, -0.0012063346902200867, -1.3959339835462625, -981.7436291635189, 2539.192250271966, 1615.7959692397205, 1421.2484155576108, -0.00018722937099472202, -0.01274220706744533, -33.157272721774305, 4814.548920418217, 1421.2484155576108, 2414.6317630579697, -0.00020172412692435438, -0.019636553939832355, -37.23071097938941, -0.0012063346902200867, -0.00018722937099472202, -0.00020172412692435438, 5.4431065949430986e-11, 4.801145975876659e-09, 1.1243587618547817e-05, -1.3959339835462625, -0.01274220706744533, -0.019636553939832355, 4.801145975876659e-09, 4.6523562312067614e-06, 0.0034954189146547557, -981.7436291635189, -33.157272721774305, -37.23071097938941, 1.1243587618547817e-05, 0.0034954189146547557, 6.100378488137607]}, "errorbars": 1, "flatchain": null, "ier": 2, "init_values": {"__class__": "Dict", "fr": 7096396170.530159, "Ql": 10644.594255795238, "Qe": 13010.05964597196, "A": 0.014666362738819877, "theta": 0, "alpha": 57.011807710040785}, "lmdif_message": "The relative error between two consecutive iterates is at most 0.000000", "message": "Fit succeeded.", "method": "leastsq", "nan_policy": "raise", "ndata": 40, "nfev": 50, "nfree": 34, "nvarys": 6, "redchi": 7.066443604504018e-10, "residual": {"__class__": "NDArray", "__shape__": [40], "__dtype__": "float64", "value": [3.3309933053678187e-07, -8.668563069975932e-06, 2.619369491055866e-05, -1.1331959746098408e-05, -2.4331474327629957e-05, -1.077049073879878e-05, 1.7399171536498087e-05, 4.726633709502097e-05, -1.5739628453477483e-05, 1.1716352303754035e-05, -3.56907491259259e-05, -3.818979000520459e-06, 6.385087969839123e-06, 2.32200780555733e-06, -1.9409310373088087e-05, 7.083977573965963e-06, 2.0386765492461795e-05, 3.7383189613379025e-06, 3.5179112500498266e-05, 7.48141474569107e-06, -2.7590568704320695e-05, -9.193561088697427e-06, 1.3549285209652623e-06, 5.806225779099103e-06, -4.402473010124176e-05, 2.9110899863222725e-05, -2.3022599409659207e-06, -2.6050324813743295e-05, 5.218555171651769e-05, 2.170094162601624e-05, -9.487723487062658e-06, -1.2961193277665276e-05, -2.9728520739402686e-05, -4.491163053030496e-05, -4.608269942451247e-05, 2.246322243291965e-06, 5.192832281258886e-06, 3.193390697614831e-05, 1.8908538104191186e-06, 4.6246137599570414e-05]}, "rsquared": 0.9999206724517572, "scale_covar": 1, "calc_covar": 1, "success": 1, "userargs": {"__class__": "Tuple", "value": [{"__class__": "NDArray", "__shape__": [40], "__dtype__": "float64", "value": [0.014739626312088416, 0.014753106190489935, 0.01472188028906507, 0.014762064207050521, 0.014776578127190392, 0.01476318425573643, 0.014733582402536421, 0.01470036836492001, 0.014757713668599978, 0.014721771933148086, 0.014757204217266796, 0.014708993292690771, 0.014676912415503037, 0.014651958364662576, 0.014635296277371401, 0.01455783802864816, 0.014476305696942306, 0.014400346959626689, 0.014240741879731312, 0.014086394160781345, 0.01385401534522708, 0.013425475777210281, 0.012751756702326731, 0.011607955742879301, 0.009594660355694633, 0.005859168552099328, 0.0023384293463190957, 0.006792126418879546, 0.010430612930415516, 0.012476269193765134, 0.013574070701909783, 0.014174938130288884, 0.014550332268908617, 0.0147950617377675, 0.014951592407693049, 0.01501361212927346, 0.015092413736178478, 0.015128522845800412, 0.015208508220858438, 0.015205025762290436]}, null]}, "userkws": {"__class__": "Dict", "f": {"__class__": "NDArray", "__shape__": [40], "__dtype__": "float64", "value": [7093796170.530159, 7093896170.530159, 7093996170.530159, 7094096170.530159, 7094196170.530159, 7094296170.530159, 7094396170.530159, 7094496170.530159, 7094596170.530159, 7094696170.530159, 7094796170.530159, 7094896170.530159, 7094996170.530159, 7095096170.530159, 7095196170.530159, 7095296170.530159, 7095396170.530159, 7095496170.530159, 7095596170.530159, 7095696170.530159, 7095796170.530159, 7095896170.530159, 7095996170.530159, 7096096170.530159, 7096196170.530159, 7096296170.530159, 7096396170.530159, 7096496170.530159, 7096596170.530159, 7096696170.530159, 7096796170.530159, 7096896170.530159, 7096996170.530159, 7097096170.530159, 7097196170.530159, 7097296170.530159, 7097396170.530159, 7097496170.530159, 7097596170.530159, 7097696170.530159]}}, "values": {"__class__": "Dict", "fr": 7096402094.0969715, "Ql": 15139.485463572142, "Qe": 17800.64867169407, "A": 0.015186760214127801, "theta": -0.0633671513555063, "alpha": 56.78165742252529, "Qi": 100125.50640085965, "Qc": 17836.4468882145}, "var_names": {"__class__": "List", "value": ["fr", "Ql", "Qe", "A", "theta", "alpha"]}, "weights": null, "user_options": null}