{"__class__": "lmfit.ModelResult", "__version__": "1", "model": {"__class__": "Tuple", "value": [{"__class__": "Tuple", "value": ["hanger_func_complex_SI", {"__class__": "Callable", "__name__": "hanger_func_complex_SI", "pyversion": "3.9", "value": "gASVVAAAAAAAAACMNXN1cGVyY29uZHVjdGluZ19xdWJpdF90b29scy5mdW5jdGlvbmFscy5waHlzaWNzX2Jhc2VklIwWaGFuZ2VyX2Z1bmNfY29tcGxleF9TSZSTlC4=", "importer": "superconducting_qubit_tools.functionals.physics_based"}, "hanger_func_complex_SI", "", {"__class__": "List", "value": ["f"]}, {"__class__": "List", "value": ["fr", "Ql", "Qe", "A", "theta", "phi_v", "phi_0", "alpha"]}, {"__class__": "Dict", "Ql": {"__class__": "Dict", "min": 1182.6271404200004, "value": 23649.316952622026}, "Qe": {"__class__": "Dict", "min": 1182.6271404200004, "value": 19530.0608853454}, "Qi": {"__class__": "Dict", "expr": "1./(1./Ql-1./Qe*cos(theta))", "vary": 0}, "Qc": {"__class__": "Dict", "expr": "Qe/cos(theta)", "vary": 0}, "fr": {"__class__": "Dict", "value": 7095762842.520002, "min": 7095496170.530159, "max": 7096096170.530159}, "A": {"__class__": "Dict", "value": 0.12781776449218601, "min": 0.06448273945223647, "max": 0.12896547890447294}, "alpha": {"__class__": "Dict", "value": 140.59132212033415}, "phi_0": {"__class__": "Dict", "value": 2.6435212367680356, "min": 2.015202706050077, "max": 3.2718397674859943}, "phi_v": {"__class__": "Dict", "value": -10503.779953062663}, "theta": {"__class__": "Dict", "value": 0.14920683824997916, "min": -6.283185307179586, "max": 6.283185307179586}}, "raise", {"__class__": "Dict"}]}, null, null]}, "params": [["fr", 7095809222.898904, true, null, 7095496170.530159, 7096096170.530159, null, 6868.926904880203, {"Ql": 0.0006139899054084645, "Qe": -0.004760735507553147, "A": -0.02638738901403979, "theta": -0.8016614028965078, "phi_v": -0.0022667348788853172, "phi_0": -0.9181974307290764, "alpha": -0.39467694244006285}, 7095762842.520002, null], ["Ql", 20117.984011830078, true, null, 1182.6271404200004, Infinity, null, 783.6326201356095, {"fr": 0.0006139899054084645, "Qe": 0.8016684672742129, "A": -0.4037389935734538, "theta": -0.0061526908766169446, "phi_v": 0.3947113849921587, "phi_0": 0.011798215866050354, "alpha": -0.0037743273159725494}, 19530.0608853454, null], ["Qe", 25826.574577677347, true, null, 1182.6271404200004, Infinity, null, 776.9268557941128, {"fr": -0.004760735507553147, "Ql": 0.8016684672742129, "A": -0.3733674177024531, "theta": -0.0007683795074830925, "phi_v": 0.520872097849584, "phi_0": 0.020923117203600506, "alpha": 0.005463772402011419}, 23649.316952622026, null], ["A", 0.12737254355064642, true, null, 0.06448273945223647, 0.12896547890447294, null, 0.0007010970813267579, {"fr": -0.02638738901403979, "Ql": -0.4037389935734538, "Qe": -0.3733674177024531, "theta": 0.039674843151442894, "phi_v": -0.18810464584675968, "phi_0": 0.019292904993936787, "alpha": 0.05527341219058498}, 0.12781776449218601, null], ["theta", -0.041363003044164515, true, null, -6.283185307179586, 6.283185307179586, null, 0.030081287128917878, {"fr": -0.8016614028965078, "Ql": -0.0061526908766169446, "Qe": -0.0007683795074830925, "A": 0.039674843151442894, "phi_v": -0.007053592387652481, "phi_0": 0.757604104981837, "alpha": 0.5208343014998639}, 0.14920683824997916, null], ["phi_v", -9761.631572678969, true, null, -Infinity, Infinity, null, 34.09551894065295, {"fr": -0.0022667348788853172, "Ql": 0.3947113849921587, "Qe": 0.520872097849584, "A": -0.18810464584675968, "theta": -0.007053592387652481, "phi_0": 0.024170467608953593, "alpha": -0.0006103307971422143}, -10503.779953062663, null], ["phi_0", 2.9406564909337614, true, null, 2.015202706050077, 3.2718397674859943, null, 0.012710991272799363, {"fr": -0.9181974307290764, "Ql": 0.011798215866050354, "Qe": 0.020923117203600506, "A": 0.019292904993936787, "theta": 0.757604104981837, "phi_v": 0.024170467608953593, "alpha": 0.3748196094965727}, 2.6435212367680356, null], ["alpha", 23.67980537293185, true, null, -Infinity, Infinity, null, 34.08041938039348, {"fr": -0.39467694244006285, "Ql": -0.0037743273159725494, "Qe": 0.005463772402011419, "A": 0.05527341219058498, "theta": 0.5208343014998639, "phi_v": -0.0006103307971422143, "phi_0": 0.3748196094965727}, 140.59132212033415, null], ["Qi", 90743.44090652377, false, "1./(1./Ql-1./Qe*cos(theta))", -Infinity, Infinity, null, 10056.823574524835, null, 106514.32171709804, null], ["Qc", 25848.683656063597, false, "Qe/cos(theta)", -Infinity, Infinity, null, 778.2822731109654, null, 23915.029781305297, null]], "unique_symbols": {"False": 0, "little_endian": 1, "phi_0": 2.9406564909337614, "Inf": Infinity, "e": 2.718281828459045, "True": 1, "infty": Infinity, "loggammafcn": {"__class__": "Callable", "__name__": "loggamma", "pyversion": "3.9", "value": "gASVJgAAAAAAAACMFXNjaXB5LnNwZWNpYWwuX3VmdW5jc5SMCGxvZ2dhbW1hlJOULg==", "importer": "scipy.special._ufuncs"}, "fr": 7095809222.898904, "newaxis": null, "wofz": {"__class__": "Callable", "__name__": "wofz", "pyversion": "3.9", "value": "gASVIgAAAAAAAACMFXNjaXB5LnNwZWNpYWwuX3VmdW5jc5SMBHdvZnqUk5Qu", "importer": "scipy.special._ufuncs"}, "None": null, "A": 0.12737254355064642, "nan": NaN, "erf": {"__class__": "Callable", "__name__": "erf", "pyversion": "3.9", "value": "gASVIQAAAAAAAACMFXNjaXB5LnNwZWNpYWwuX3VmdW5jc5SMA2VyZpSTlC4=", "importer": "scipy.special._ufuncs"}, "theta": -0.041363003044164515, "inf": Infinity, "NAN": NaN, "phi_v": -9761.631572678969, "Ql": 20117.984011830078, "alpha": 23.67980502007525, "gamfcn": {"__class__": "Callable", "__name__": "gamma", "pyversion": "3.9", "value": "gASVIwAAAAAAAACMFXNjaXB5LnNwZWNpYWwuX3VmdW5jc5SMBWdhbW1hlJOULg==", "importer": "scipy.special._ufuncs"}, "erfc": {"__class__": "Callable", "__name__": "erfc", "pyversion": "3.9", "value": "gASVIgAAAAAAAACMFXNjaXB5LnNwZWNpYWwuX3VmdW5jc5SMBGVyZmOUk5Qu", "importer": "scipy.special._ufuncs"}, "betalnfnc": {"__class__": "Callable", "__name__": "betaln", "pyversion": "3.9", "value": "gASVJAAAAAAAAACMFXNjaXB5LnNwZWNpYWwuX3VmdW5jc5SMBmJldGFsbpSTlC4=", "importer": "scipy.special._ufuncs"}, "Qc": 25848.683656063597, "Qi": 90743.44090652377, "Qe": 25826.574577677347, "pi": 3.141592653589793}, "aborted": 0, "aic": -885.2318359256175, "best_values": {"__class__": "Dict", "fr": 7095809222.898904, "Ql": 20117.984011830078, "Qe": 25826.574577677347, "A": 0.12737254355064642, "theta": -0.041363003044164515, "phi_v": -9761.631572678969, "phi_0": 2.9406564909337614, "alpha": 23.67980537293185}, "bic": -866.1756228482265, "chisqr": 0.001024683684612883, "ci_out": null, "col_deriv": 0, "covar": {"__class__": "NDArray", "__shape__": [8, 8], "__dtype__": "float64", "value": [47182156.82458714, 3304.932789115456, -25406.397155713505, -0.1270759817762212, -165.64421929946104, -530.8684640207462, -80.16861645494066, -92392.25784322589, 3304.932789115456, 614080.0833406005, 488075.9870957945, -0.22181522970061024, -0.14503539994442086, 10546.041212803113, 0.11751904796077825, -100.79917940723831, -25406.397155713505, 488075.9870957945, 603615.3392541262, -0.20337366216903158, -0.017957766601515664, 13797.758281781513, 0.20662646329379888, 144.66972781484031, -0.1270759817762212, -0.22181522970061024, -0.20337366216903158, 4.915371174448986e-07, 8.367385780768592e-07, -0.00449650401978662, 1.7193140229319792e-07, 0.0013206853647785366, -165.64421929946104, -0.14503539994442086, -0.017957766601515664, 8.367385780768592e-07, 0.0009048838353324004, -0.00723442600623207, 0.00028967976185485957, 0.5339504096600206, -530.8684640207462, 10546.041212803113, 13797.758281781513, -0.00449650401978662, -0.00723442600623207, 1162.504411832424, 0.010475186838173367, -0.7091980293724891, -80.16861645494066, 0.11751904796077825, 0.20662646329379888, 1.7193140229319792e-07, 0.00028967976185485957, 0.010475186838173367, 0.00016156929913718158, 0.16237032306518542, -92392.25784322589, -100.79917940723831, 144.66972781484031, 0.0013206853647785366, 0.5339504096600206, -0.7091980293724891, 0.16237032306518542, 1161.4749851434995]}, "errorbars": 1, "flatchain": null, "ier": 1, "init_values": {"__class__": "Dict", "fr": 7095762842.520002, "Ql": 19530.0608853454, "Qe": 23649.316952622026, "A": 0.12781776449218601, "theta": 0.14920683824997916, "phi_v": -10503.779953062663, "phi_0": 2.6435212367680356, "alpha": 140.59132212033415}, "lmdif_message": "Both actual and predicted relative reductions in the sum of squares\n  are at most 0.000000", "message": "Fit succeeded.", "method": "leastsq", "nan_policy": "raise", "ndata": 80, "nfev": 64, "nfree": 72, "nvarys": 8, "redchi": 1.4231717841845598e-05, "residual": {"__class__": "NDArray", "__shape__": [80], "__dtype__": "float64", "value": [0.0019130847244959587, 0.0012050158533500055, 0.001977249321097052, 0.0009633240147455674, 0.0020983640367586015, 0.0007972030414520465, 0.0022041315698457034, 0.0006078756089826776, 0.002342381307505269, 0.00038743634217350276, 0.0023959219559670057, 0.00014470189164628167, 0.002445592672906117, -0.00012024507420017871, 0.0024280779743053333, -0.0003704494979690637, 0.002324050421963441, -0.0005898688138676056, 0.002143811942973764, -0.0007373776996564274, 0.0018339983337799098, -0.0007121815343777427, 0.0015026420281352704, -0.0004666989909768715, 0.0012367324081895836, 7.143651070314061e-05, 0.0011145972336915472, 0.001092774013980613, 0.0013425915783687459, 0.0027226834147259446, 0.002442722179487364, 0.004994216834465461, 0.0050039598940863905, 0.007667847160366729, 0.010481094813662273, 0.010837082016102229, 0.009333685334067615, 0.00706993752503534, -0.008326242669576989, 0.007694308415500763, -0.0016187406364404355, 0.010826627336253093, -0.0035592998908324444, 0.001876876170940487, -0.006423870900246001, 0.004014674719559479, -0.00466669303279435, 0.0051321966302295945, -0.002842118513650599, 0.004831606333243213, -0.001238479258046446, 0.0033678848236527725, -0.0008365525892171932, 0.0016775750861696415, -0.0006497163361999375, 0.0008416338017612351, -0.0005105354174417334, 0.0005793963460805629, -0.0013671136174839976, -0.00036632596199503986, -0.0015399333479833438, -0.0003396154904048154, -0.0010657430262708907, -0.00019186222744393966, -0.0013932816610943421, -0.00021159243060364652, -0.0018437403714691505, -1.2795481518876328e-05, -0.0018131547000522288, 0.00013204296262106507, -0.002111935092731679, 0.0004460423147614051, -0.0022210237137593597, 0.0007586064800230163, -0.0022469793516396025, 0.001139386914880705, -0.0024120105008141185, 0.001747382267137207, -0.0024169492852349206, 0.002509996799983996]}, "rsquared": -1024683684611.8829, "scale_covar": 1, "calc_covar": 1, "success": 1, "userargs": {"__class__": "Tuple", "value": [{"__class__": "NDArray", "__shape__": [40], "__dtype__": "complex128", "value": [[0.09882950092980962, 0.08717441289367825, 0.0736509199939126, 0.05858161530450432, 0.04220144219484689, 0.02493843308948691, 0.0070460705405394975, -0.011059014108394152, -0.028989158104848565, -0.046374131732413296, -0.06276844519991144, -0.07787287805181747, -0.09134070307252229, -0.10276344133087292, -0.11174939531364497, -0.11798447232230092, -0.12070134069818256, -0.1188598102072011, -0.09828758143586652, -0.04493197666125351, -0.025796155399384006, -0.05662905300869031, -0.09058503166314272, -0.10533373385356239, -0.10592876717213835, -0.09905857991496703, -0.0868775733161334, -0.07188104131761038, -0.05510336093501924, -0.03619818792077585, -0.01732950045273954, 0.001112025601489987, 0.020180310553553973, 0.03882555615639884, 0.056095063731795014, 0.07247458152603276, 0.08714782029055476, 0.09995547230417226, 0.11088920929447056, 0.1194583220824301], [-0.07638486366290607, -0.08954515468521008, -0.1010364236463613, -0.11051183485693623, -0.11774863456573265, -0.12257730348528331, -0.12485846367683655, -0.12452975867885928, -0.1215480773955598, -0.11593407481556468, -0.10780352410492107, -0.09724911241107415, -0.08441077560626067, -0.06955948849497742, -0.05290576159948245, -0.03458166402528852, -0.01455460448980216, 0.006294944953266216, 0.03190189488666722, 0.03688615354119596, -0.0024823760166363925, -0.02681368241824926, -0.013540305207983461, 0.014592957825094665, 0.041782546557271316, 0.06562596898901212, 0.08551094613496885, 0.10081093014119367, 0.11211325167165366, 0.120866850330705, 0.12554742064892982, 0.1271169905893152, 0.12597830613159117, 0.12187781584664675, 0.11524695754505448, 0.10605208961475636, 0.09468495053737175, 0.08132776350012977, 0.06610166632238108, 0.04938401245057555]]}, null]}, "userkws": {"__class__": "Dict", "f": {"__class__": "NDArray", "__shape__": [40], "__dtype__": "float64", "value": [7093796170.530159, 7093896170.530159, 7093996170.530159, 7094096170.530159, 7094196170.530159, 7094296170.530159, 7094396170.530159, 7094496170.530159, 7094596170.530159, 7094696170.530159, 7094796170.530159, 7094896170.530159, 7094996170.530159, 7095096170.530159, 7095196170.530159, 7095296170.530159, 7095396170.530159, 7095496170.530159, 7095596170.530159, 7095696170.530159, 7095796170.530159, 7095896170.530159, 7095996170.530159, 7096096170.530159, 7096196170.530159, 7096296170.530159, 7096396170.530159, 7096496170.530159, 7096596170.530159, 7096696170.530159, 7096796170.530159, 7096896170.530159, 7096996170.530159, 7097096170.530159, 7097196170.530159, 7097296170.530159, 7097396170.530159, 7097496170.530159, 7097596170.530159, 7097696170.530159]}}, "values": {"__class__": "Dict", "fr": 7095809222.898904, "Ql": 20117.984011830078, "Qe": 25826.574577677347, "A": 0.12737254355064642, "theta": -0.041363003044164515, "phi_v": -9761.631572678969, "phi_0": 2.9406564909337614, "alpha": 23.67980537293185, "Qi": 90743.44090652377, "Qc": 25848.683656063597}, "var_names": {"__class__": "List", "value": ["fr", "Ql", "Qe", "A", "theta", "phi_v", "phi_0", "alpha"]}, "weights": null, "user_options": null}