{"__class__": "lmfit.ModelResult", "__version__": "1", "model": {"__class__": "Tuple", "value": [{"__class__": "Tuple", "value": ["hanger_func_complex_SI", {"__class__": "Callable", "__name__": "hanger_func_complex_SI", "pyversion": "3.9", "value": "gASVVAAAAAAAAACMNXN1cGVyY29uZHVjdGluZ19xdWJpdF90b29scy5mdW5jdGlvbmFscy5waHlzaWNzX2Jhc2VklIwWaGFuZ2VyX2Z1bmNfY29tcGxleF9TSZSTlC4=", "importer": "superconducting_qubit_tools.functionals.physics_based"}, "hanger_func_complex_SI", "", {"__class__": "List", "value": ["f"]}, {"__class__": "List", "value": ["fr", "Ql", "Qe", "A", "theta", "phi_v", "phi_0", "alpha"]}, {"__class__": "Dict", "Ql": {"__class__": "Dict", "min": 1419.1940124297598, "value": 58277.337067851884}, "Qe": {"__class__": "Dict", "min": 1419.1940124297598, "value": 22252.343625707254}, "Qi": {"__class__": "Dict", "expr": "1./(1./Ql-1./Qe*cos(theta))", "vary": 0}, "Qc": {"__class__": "Dict", "expr": "Qe/cos(theta)", "vary": 0}, "fr": {"__class__": "Dict", "value": 7095970062.148799, "min": 7095696170.530159, "max": 7096196170.530159}, "A": {"__class__": "Dict", "value": 0.08862585180502373, "min": 0.04505993113480103, "max": 0.09011986226960206}, "alpha": {"__class__": "Dict", "value": 63.48797165710023}, "phi_0": {"__class__": "Dict", "value": 2.3610964740633342, "min": 1.7327779433453756, "max": 2.989415004781293}, "phi_v": {"__class__": "Dict", "value": -10451.60919833468}, "theta": {"__class__": "Dict", "value": 0.04139687352619248, "min": -6.283185307179586, "max": 6.283185307179586}}, "raise", {"__class__": "Dict"}]}, null, null]}, "params": [["fr", 7095957701.582524, true, null, 7095696170.530159, 7096196170.530159, null, 12078.187760794646, {"Ql": 0.0013515659708201527, "Qe": -0.003232663344884529, "A": -0.03396920779194373, "theta": -0.8048823402925707, "phi_v": -0.05945081667258174, "phi_0": -0.9512840447057921, "alpha": -0.3860274078412952}, 7095970062.148799, null], ["Ql", 20564.093940120983, true, null, 1419.1940124297598, Infinity, null, 1440.4928896913348, {"fr": 0.0013515659708201527, "Qe": 0.80513659530964, "A": -0.41517593332003505, "theta": -0.0065498957825203315, "phi_v": 0.3867792634190385, "phi_0": 0.013760431743804194, "alpha": -0.06344165638776122}, 22252.343625707254, null], ["Qe", 39190.26601895039, true, null, 1419.1940124297598, Infinity, null, 2168.804690595893, {"fr": -0.003232663344884529, "Ql": 0.80513659530964, "A": -0.4392092448464577, "theta": -0.0020211709401171223, "phi_v": 0.5136480964672442, "phi_0": 0.024175094885521504, "alpha": -0.06500050126876906}, 58277.337067851884, null], ["A", 0.08976774769701025, true, null, 0.04505993113480103, 0.09011986226960206, null, 0.0006086209558319058, {"fr": -0.03396920779194373, "Ql": -0.41517593332003505, "Qe": -0.4392092448464577, "theta": 0.058184146879786125, "phi_v": -0.21772956178299524, "phi_0": 0.026263526226106393, "alpha": 0.19647498724046558}, 0.08862585180502373, null], ["theta", -0.008913392586542557, true, null, -6.283185307179586, 6.283185307179586, null, 0.05528753028117262, {"fr": -0.8048823402925707, "Ql": -0.0065498957825203315, "Qe": -0.0020211709401171223, "A": 0.058184146879786125, "phi_v": 0.06021855122357154, "phi_0": 0.8011444989781692, "alpha": 0.512759036685893}, 0.04139687352619248, null], ["phi_v", -9518.41631933876, true, null, -Infinity, Infinity, null, 40.914761636598534, {"fr": -0.05945081667258174, "Ql": 0.3867792634190385, "Qe": 0.5136480964672442, "A": -0.21772956178299524, "theta": 0.06021855122357154, "phi_0": 0.11273791397497337, "alpha": -0.0019767000615697407}, -10451.60919833468, null], ["phi_0", 2.733878452916188, true, null, 1.7327779433453756, 2.989415004781293, null, 0.019978138498131032, {"fr": -0.9512840447057921, "Ql": 0.013760431743804194, "Qe": 0.024175094885521504, "A": 0.026263526226106393, "theta": 0.8011444989781692, "phi_v": 0.11273791397497337, "alpha": 0.3862454349567524}, 2.3610964740633342, null], ["alpha", 59.542216685164306, true, null, -Infinity, Infinity, null, 40.75576952724208, {"fr": -0.3860274078412952, "Ql": -0.06344165638776122, "Qe": -0.06500050126876906, "A": 0.19647498724046558, "theta": 0.512759036685893, "phi_v": -0.0019767000615697407, "phi_0": 0.3862454349567524}, 63.48797165710023, null], ["Qi", 43265.83933484025, false, "1./(1./Ql-1./Qe*cos(theta))", -Infinity, Infinity, null, 4528.215620683699, null, 35978.394622524844, null], ["Qc", 39191.82287573351, false, "Qe/cos(theta)", -Infinity, Infinity, null, 2169.0158991909448, null, 58327.30771780916, null]], "unique_symbols": {"False": 0, "little_endian": 1, "phi_0": 2.733878452916188, "Inf": Infinity, "e": 2.718281828459045, "True": 1, "infty": Infinity, "loggammafcn": {"__class__": "Callable", "__name__": "loggamma", "pyversion": "3.9", "value": "gASVJgAAAAAAAACMFXNjaXB5LnNwZWNpYWwuX3VmdW5jc5SMCGxvZ2dhbW1hlJOULg==", "importer": "scipy.special._ufuncs"}, "fr": 7095957701.582524, "newaxis": null, "wofz": {"__class__": "Callable", "__name__": "wofz", "pyversion": "3.9", "value": "gASVIgAAAAAAAACMFXNjaXB5LnNwZWNpYWwuX3VmdW5jc5SMBHdvZnqUk5Qu", "importer": "scipy.special._ufuncs"}, "None": null, "A": 0.08976774769701025, "nan": NaN, "erf": {"__class__": "Callable", "__name__": "erf", "pyversion": "3.9", "value": "gASVIQAAAAAAAACMFXNjaXB5LnNwZWNpYWwuX3VmdW5jc5SMA2VyZpSTlC4=", "importer": "scipy.special._ufuncs"}, "theta": -0.008913392586542557, "inf": Infinity, "NAN": NaN, "phi_v": -9518.41631933876, "Ql": 20564.093940120983, "alpha": 59.542215797916136, "gamfcn": {"__class__": "Callable", "__name__": "gamma", "pyversion": "3.9", "value": "gASVIwAAAAAAAACMFXNjaXB5LnNwZWNpYWwuX3VmdW5jc5SMBWdhbW1hlJOULg==", "importer": "scipy.special._ufuncs"}, "erfc": {"__class__": "Callable", "__name__": "erfc", "pyversion": "3.9", "value": "gASVIgAAAAAAAACMFXNjaXB5LnNwZWNpYWwuX3VmdW5jc5SMBGVyZmOUk5Qu", "importer": "scipy.special._ufuncs"}, "betalnfnc": {"__class__": "Callable", "__name__": "betaln", "pyversion": "3.9", "value": "gASVJAAAAAAAAACMFXNjaXB5LnNwZWNpYWwuX3VmdW5jc5SMBmJldGFsbpSTlC4=", "importer": "scipy.special._ufuncs"}, "Qc": 39191.82287573351, "Qi": 43265.83933484025, "Qe": 39190.26601895039, "pi": 3.141592653589793}, "aborted": 0, "aic": -911.8358605689625, "best_values": {"__class__": "Dict", "fr": 7095957701.582524, "Ql": 20564.093940120983, "Qe": 39190.26601895039, "A": 0.08976774769701025, "theta": -0.008913392586542557, "phi_v": -9518.41631933876, "phi_0": 2.733878452916188, "alpha": 59.542216685164306}, "bic": -892.7796474915715, "chisqr": 0.0007347930798222374, "ci_out": null, "col_deriv": 0, "covar": {"__class__": "NDArray", "__shape__": [8, 8], "__dtype__": "float64", "value": [145882619.58500957, 23515.279457779903, -84680.36070305252, -0.24970894341247146, -537.4788331151354, -29379.177078951667, -229.5445621094346, -190024.24463052975, 23515.279457779903, 2075019.765251292, 2515365.6713530933, -0.3639906193808805, -0.5216421773790189, 22795.77314120976, 0.3960027473135844, -3724.557899931981, -84680.36070305252, 2515365.6713530933, 4703713.785950747, -0.57974741189864, -0.24235427202842844, 45579.14269680535, 1.0474749619680683, -5745.4790755695185, -0.24970894341247146, -0.3639906193808805, -0.57974741189864, 3.7041946787774274e-07, 1.957847058360681e-06, -0.00542181039175165, 3.193412028192762e-07, 0.004873525790265286, -537.4788331151354, -0.5216421773790189, -0.24235427202842844, 1.957847058360681e-06, 0.0030567110045915794, 0.13621894688030248, 0.000884897696859948, 1.1553926776551655, -29379.177078951667, 22795.77314120976, 45579.14269680535, -0.00542181039175165, 0.13621894688030248, 1674.017719779675, 0.09215205820925315, -3.2961722502391377, -229.5445621094346, 0.3960027473135844, 1.0474749619680683, 3.193412028192762e-07, 0.000884897696859948, 0.09215205820925315, 0.0003991260178505052, 0.31449046070269265, -190024.24463052975, -3724.557899931981, -5745.4790755695185, 0.004873525790265286, 1.1553926776551655, -3.2961722502391377, 0.31449046070269265, 1661.0327497576743]}, "errorbars": 1, "flatchain": null, "ier": 1, "init_values": {"__class__": "Dict", "fr": 7095970062.148799, "Ql": 22252.343625707254, "Qe": 58277.337067851884, "A": 0.08862585180502373, "theta": 0.04139687352619248, "phi_v": -10451.60919833468, "phi_0": 2.3610964740633342, "alpha": 63.48797165710023}, "lmdif_message": "Both actual and predicted relative reductions in the sum of squares\n  are at most 0.000000", "message": "Fit succeeded.", "method": "leastsq", "nan_policy": "raise", "ndata": 80, "nfev": 64, "nfree": 72, "nvarys": 8, "redchi": 1.020545944197552e-05, "residual": {"__class__": "NDArray", "__shape__": [80], "__dtype__": "float64", "value": [-0.0019329834568885679, -0.003256642011667865, -0.0019505701717617147, -0.0025501459722754236, -0.001842662403304024, -0.001992406419937129, -0.0016536560195400535, -0.0014071087778636526, -0.0012593130452483517, -0.001044944542859444, -0.0008139193700140122, -0.0007128632713065547, -0.0002692203384272486, -0.0006620985248095984, 0.00020211127470749768, -0.0006821631729109628, 0.0006592949829245416, -0.0008300732524523513, 0.0010655198475121516, -0.0012599624322428837, 0.0014092953332742186, -0.001677697806845388, 0.0015604876628068781, -0.002248372088196199, 0.0015858667425356701, -0.0029001707360102047, 0.0014726763589837377, -0.003491216720767222, 0.0011658263019547338, -0.0040576518397803865, 0.0008114481326447487, -0.004432370514221896, 0.00030253850369463264, -0.00467645229669526, 0.00012913496561339777, -0.0045412142045768095, 0.0007221737922735588, -0.0041258991379141165, 0.0028419021102529946, -0.0036855126538629587, 0.006758463069445567, -0.004136130971779388, 0.010980134375866354, -0.007397048393912718, 0.009771558723233209, 0.00728427016897455, 0.005898627079087115, 0.001991330376251847, 0.0013424022234731908, 0.003154948370638802, 0.0010343849784995862, 0.003024663600490661, 0.0013680876724550192, 0.0031550085832300068, 0.001422307117316647, 0.00227548423070148, 0.0016871233000483321, 0.0020866882163360773, 0.0018887446048903578, 0.0018016527267796095, 0.0023128255924605243, 0.0017421525895810197, 0.0021121360240078145, 0.0012374421614716746, 0.0019859747052488746, 0.0008526802971342562, 0.0016008280435766582, 0.0005619314943572651, 0.0009848863261951307, 0.0004628651926032318, 0.0004535085973833425, 0.0006027664118881532, -0.0001677082461010032, 0.0009882643412670727, -0.0007078811242857697, 0.0017183550237448095, -0.0011022711320201328, 0.0026283303945994, -0.0012467289594342845, 0.003694226862145107]}, "rsquared": -734793079821.2374, "scale_covar": 1, "calc_covar": 1, "success": 1, "userargs": {"__class__": "Tuple", "value": [{"__class__": "NDArray", "__shape__": [40], "__dtype__": "complex128", "value": [[0.06962994262516409, 0.061448623426145724, 0.05201363651217864, 0.04153511504306989, 0.03007323228829537, 0.017982373750553397, 0.0054268984885465065, -0.007198651931084363, -0.019725583313614445, -0.031886106549790856, -0.043437177619878184, -0.054018123773929866, -0.06346619373912281, -0.07153729924890087, -0.0779351315854757, -0.08253641285265023, -0.08489716145674309, -0.0850180563281441, -0.08250617006690432, -0.07662563605371427, -0.06554445315362421, -0.05165777119765586, -0.054722409187320624, -0.06981213945426998, -0.07155515544613687, -0.06798917313255681, -0.06055820320848728, -0.050537711377835706, -0.03938597219492321, -0.02735372094404541, -0.015084149679790557, -0.002019430826743403, 0.010883183899074871, 0.023717326065011302, 0.036229009392556175, 0.047891175717799675, 0.05868235998708095, 0.0682540618344872, 0.07638476699657655, 0.08283687679139824], [-0.05279579533072407, -0.0622102211196072, -0.07029418307231236, -0.07707697090778808, -0.0821831739879435, -0.08570551661205805, -0.08731842914650251, -0.08718510952098346, -0.08522876751801417, -0.08130284129833673, -0.07573552521601733, -0.0684206836366863, -0.05951161725333568, -0.04925112159181114, -0.03771991756944232, -0.02521542893611459, -0.011823988146239178, 0.002012452424184027, 0.01602605780753846, 0.02939912477911654, 0.039180309599413744, 0.03643707129287908, 0.0033368505525425847, 0.013047609687957961, 0.029168588285161987, 0.04553447892972181, 0.058469504247832184, 0.06952275099612237, 0.07737240265146024, 0.08305109563919762, 0.08638875911919501, 0.0881611634642541, 0.08789187128600924, 0.08569688951485789, 0.08157986147553967, 0.07561128781257632, 0.06792113530280594, 0.05856626145922388, 0.04788563287881275, 0.036094090091349396]]}, null]}, "userkws": {"__class__": "Dict", "f": {"__class__": "NDArray", "__shape__": [40], "__dtype__": "float64", "value": [7093796170.530159, 7093896170.530159, 7093996170.530159, 7094096170.530159, 7094196170.530159, 7094296170.530159, 7094396170.530159, 7094496170.530159, 7094596170.530159, 7094696170.530159, 7094796170.530159, 7094896170.530159, 7094996170.530159, 7095096170.530159, 7095196170.530159, 7095296170.530159, 7095396170.530159, 7095496170.530159, 7095596170.530159, 7095696170.530159, 7095796170.530159, 7095896170.530159, 7095996170.530159, 7096096170.530159, 7096196170.530159, 7096296170.530159, 7096396170.530159, 7096496170.530159, 7096596170.530159, 7096696170.530159, 7096796170.530159, 7096896170.530159, 7096996170.530159, 7097096170.530159, 7097196170.530159, 7097296170.530159, 7097396170.530159, 7097496170.530159, 7097596170.530159, 7097696170.530159]}}, "values": {"__class__": "Dict", "fr": 7095957701.582524, "Ql": 20564.093940120983, "Qe": 39190.26601895039, "A": 0.08976774769701025, "theta": -0.008913392586542557, "phi_v": -9518.41631933876, "phi_0": 2.733878452916188, "alpha": 59.542216685164306, "Qi": 43265.83933484025, "Qc": 39191.82287573351}, "var_names": {"__class__": "List", "value": ["fr", "Ql", "Qe", "A", "theta", "phi_v", "phi_0", "alpha"]}, "weights": null, "user_options": null}