{"__class__": "lmfit.ModelResult", "__version__": "1", "model": {"__class__": "Tuple", "value": [{"__class__": "Tuple", "value": ["hanger_func_complex_SI", {"__class__": "Callable", "__name__": "hanger_func_complex_SI", "pyversion": "3.9", "value": "gASVVAAAAAAAAACMNXN1cGVyY29uZHVjdGluZ19xdWJpdF90b29scy5mdW5jdGlvbmFscy5waHlzaWNzX2Jhc2VklIwWaGFuZ2VyX2Z1bmNfY29tcGxleF9TSZSTlC4=", "importer": "superconducting_qubit_tools.functionals.physics_based"}, "hanger_func_complex_SI", "", {"__class__": "List", "value": ["f"]}, {"__class__": "List", "value": ["fr", "Ql", "Qe", "A", "theta", "phi_v", "phi_0", "alpha"]}, {"__class__": "Dict", "Ql": {"__class__": "Dict", "min": 1419.2018521713808, "value": 64771.04871287421}, "Qe": {"__class__": "Dict", "min": 1419.2018521713808, "value": 26324.35799995777}, "Qi": {"__class__": "Dict", "expr": "1./(1./Ql-1./Qe*cos(theta))", "vary": 0}, "Qc": {"__class__": "Dict", "expr": "Qe/cos(theta)", "vary": 0}, "fr": {"__class__": "Dict", "value": 7096009260.856904, "min": 7095796170.530159, "max": 7096296170.530159}, "A": {"__class__": "Dict", "value": 0.08180141386089841, "min": 0.041749106336232224, "max": 0.08349821267246445}, "alpha": {"__class__": "Dict", "value": 53.86210101283986}, "phi_0": {"__class__": "Dict", "value": 2.296816417942248, "min": 1.6684978872242895, "max": 2.9251349486602067}, "phi_v": {"__class__": "Dict", "value": -10476.047600547092}, "theta": {"__class__": "Dict", "value": 0.016071076145381724, "min": -6.283185307179586, "max": 6.283185307179586}}, "raise", {"__class__": "Dict"}]}, null, null]}, "params": [["fr", 7095980665.850599, true, null, 7095796170.530159, 7096296170.530159, null, 13098.403032212987, {"Ql": 0.0018317082548434326, "Qe": 0.00045081361020361707, "A": -0.01040420459048219, "theta": -0.8078909773157462, "phi_v": -0.08727989361510173, "phi_0": -0.95545758522366, "alpha": -0.3863821851754962}, 7096009260.856904, null], ["Ql", 19916.184417403332, true, null, 1419.2018521713808, Infinity, null, 1466.1563680978438, {"fr": 0.0018317082548434326, "Qe": 0.8083895050767705, "A": -0.42684614230592166, "theta": -0.004036764888645558, "phi_v": 0.3878165720346339, "phi_0": 0.006895815193063261, "alpha": -0.09309709878612724}, 26324.35799995777, null], ["Qe", 39343.33392105165, true, null, 1419.2018521713808, Infinity, null, 2301.0796334970573, {"fr": 0.00045081361020361707, "Ql": 0.8083895050767705, "A": -0.4567123933710963, "theta": -0.0027336519916765696, "phi_v": 0.5138720614354431, "phi_0": 0.01245040126517249, "alpha": -0.10523495666577892}, 64771.04871287421, null], ["A", 0.08329175122668557, true, null, 0.041749106336232224, 0.08349821267246445, null, 0.000585688810044267, {"fr": -0.01040420459048219, "Ql": -0.42684614230592166, "Qe": -0.4567123933710963, "theta": 0.030385180636688696, "phi_v": -0.2274909069427574, "phi_0": 0.006527375656519631, "alpha": 0.21746820406222092}, 0.08180141386089841, null], ["theta", 0.04791597810894466, true, null, -6.283185307179586, 6.283185307179586, null, 0.058373256722226145, {"fr": -0.8078909773157462, "Ql": -0.004036764888645558, "Qe": -0.0027336519916765696, "A": 0.030385180636688696, "phi_v": 0.09832355003608854, "phi_0": 0.8082082369142624, "alpha": 0.5121304292223523}, 0.016071076145381724, null], ["phi_v", -9510.355436622789, true, null, -Infinity, Infinity, null, 42.15463097971461, {"fr": -0.08727989361510173, "Ql": 0.3878165720346339, "Qe": 0.5138720614354431, "A": -0.2274909069427574, "theta": 0.09832355003608854, "phi_0": 0.13960894594341444, "alpha": -0.0030162132222248577}, -10476.047600547092, null], ["phi_0", 2.7014293543846364, true, null, 1.6684978872242895, 2.9251349486602067, null, 0.021493001764379644, {"fr": -0.95545758522366, "Ql": 0.006895815193063261, "Qe": 0.01245040126517249, "A": 0.006527375656519631, "theta": 0.8082082369142624, "phi_v": 0.13960894594341444, "alpha": 0.3887473952138974}, 2.296816417942248, null], ["alpha", 85.36663127910403, true, null, -Infinity, Infinity, null, 41.89081462973856, {"fr": -0.3863821851754962, "Ql": -0.09309709878612724, "Qe": -0.10523495666577892, "A": 0.21746820406222092, "theta": 0.5121304292223523, "phi_v": -0.0030162132222248577, "phi_0": 0.3887473952138974}, 53.86210101283986, null], ["Qi", 40286.31150281599, false, "1./(1./Ql-1./Qe*cos(theta))", -Infinity, Infinity, null, 4294.12600591934, null, 44344.66258019996, null], ["Qc", 39388.542154045506, false, "Qe/cos(theta)", -Infinity, Infinity, null, 2306.059491925936, null, 64779.41412979301, null]], "unique_symbols": {"False": 0, "little_endian": 1, "phi_0": 2.7014293543846364, "Inf": Infinity, "e": 2.718281828459045, "True": 1, "infty": Infinity, "loggammafcn": {"__class__": "Callable", "__name__": "loggamma", "pyversion": "3.9", "value": "gASVJgAAAAAAAACMFXNjaXB5LnNwZWNpYWwuX3VmdW5jc5SMCGxvZ2dhbW1hlJOULg==", "importer": "scipy.special._ufuncs"}, "fr": 7095980665.850599, "newaxis": null, "wofz": {"__class__": "Callable", "__name__": "wofz", "pyversion": "3.9", "value": "gASVIgAAAAAAAACMFXNjaXB5LnNwZWNpYWwuX3VmdW5jc5SMBHdvZnqUk5Qu", "importer": "scipy.special._ufuncs"}, "None": null, "A": 0.08329175122668557, "nan": NaN, "erf": {"__class__": "Callable", "__name__": "erf", "pyversion": "3.9", "value": "gASVIQAAAAAAAACMFXNjaXB5LnNwZWNpYWwuX3VmdW5jc5SMA2VyZpSTlC4=", "importer": "scipy.special._ufuncs"}, "theta": 0.04791597810894466, "inf": Infinity, "NAN": NaN, "phi_v": -9510.355436622789, "Ql": 19916.184417403332, "alpha": 85.36663000704209, "gamfcn": {"__class__": "Callable", "__name__": "gamma", "pyversion": "3.9", "value": "gASVIwAAAAAAAACMFXNjaXB5LnNwZWNpYWwuX3VmdW5jc5SMBWdhbW1hlJOULg==", "importer": "scipy.special._ufuncs"}, "erfc": {"__class__": "Callable", "__name__": "erfc", "pyversion": "3.9", "value": "gASVIgAAAAAAAACMFXNjaXB5LnNwZWNpYWwuX3VmdW5jc5SMBGVyZmOUk5Qu", "importer": "scipy.special._ufuncs"}, "betalnfnc": {"__class__": "Callable", "__name__": "betaln", "pyversion": "3.9", "value": "gASVJAAAAAAAAACMFXNjaXB5LnNwZWNpYWwuX3VmdW5jc5SMBmJldGFsbpSTlC4=", "importer": "scipy.special._ufuncs"}, "Qc": 39388.542154045506, "Qi": 40286.31150281599, "Qe": 39343.33392105165, "pi": 3.141592653589793}, "aborted": 0, "aic": -920.1414533464283, "best_values": {"__class__": "Dict", "fr": 7095980665.850599, "Ql": 19916.184417403332, "Qe": 39343.33392105165, "A": 0.08329175122668557, "theta": 0.04791597810894466, "phi_v": -9510.355436622789, "phi_0": 2.7014293543846364, "alpha": 85.36663127910403}, "bic": -901.0852402690373, "chisqr": 0.0006623333809710613, "ci_out": null, "col_deriv": 0, "covar": {"__class__": "NDArray", "__shape__": [8, 8], "__dtype__": "float64", "value": [171568161.9942864, 35176.687692669424, 13587.733394614344, -0.07981677197458448, -617.7105674666773, -48192.3217190862, -268.9842407274921, -212008.97658579823, 35176.687692669424, 2149614.49571386, 2727298.076840903, -0.366537639296826, -0.34548378635031407, 23969.11207754105, 0.21730162764348887, -5717.882731284123, 13587.733394614344, 2727298.076840903, 5294967.479694951, -0.6155188704826691, -0.3671882693079204, 49846.18749224315, 0.6157608477682148, -10144.028975809546, -0.07981677197458448, -0.366537639296826, -0.6155188704826691, 3.4303138221106955e-07, 1.0388256706085333e-06, -0.005616635758825571, 8.216797961012206e-08, 0.005335578335729025, -617.7105674666773, -0.34548378635031407, -0.3671882693079204, 1.0388256706085333e-06, 0.0034074371003589197, 0.24194506400412147, 0.0010139913973270685, 1.2523142166674701, -48192.3217190862, 23969.11207754105, 49846.18749224315, -0.005616635758825571, 0.24194506400412147, 1777.0129130359146, 0.12648983158927743, -5.326306293168587, -268.9842407274921, 0.21730162764348887, 0.6157608477682148, 8.216797961012206e-08, 0.0010139913973270685, 0.12648983158927743, 0.0004619491248436265, 0.3500123531373611, -212008.97658579823, -5717.882731284123, -10144.028975809546, 0.005335578335729025, 1.2523142166674701, -5.326306293168587, 0.3500123531373611, 1754.8403503431182]}, "errorbars": 1, "flatchain": null, "ier": 1, "init_values": {"__class__": "Dict", "fr": 7096009260.856904, "Ql": 26324.35799995777, "Qe": 64771.04871287421, "A": 0.08180141386089841, "theta": 0.016071076145381724, "phi_v": -10476.047600547092, "phi_0": 2.296816417942248, "alpha": 53.86210101283986}, "lmdif_message": "Both actual and predicted relative reductions in the sum of squares\n  are at most 0.000000", "message": "Fit succeeded.", "method": "leastsq", "nan_policy": "raise", "ndata": 80, "nfev": 64, "nfree": 72, "nvarys": 8, "redchi": 9.199074735709184e-06, "residual": {"__class__": "NDArray", "__shape__": [80], "__dtype__": "float64", "value": [-0.0023334779904647177, -0.003030572772278195, -0.0022883343286682553, -0.0023977058345320545, -0.002156425202766106, -0.0017550763987762424, -0.0018556187008807526, -0.001276663130067815, -0.0014753898670859973, -0.0008655984004897338, -0.001042227294876765, -0.0006321907245143976, -0.0005463844619405913, -0.0004982802186538071, 6.374757495113473e-07, -0.000528369446999799, 0.00043582284590014744, -0.0008104318500300051, 0.000852434169194595, -0.0011073442871818023, 0.0011267818500574484, -0.0015489343830763502, 0.001262039817147155, -0.002127251689229434, 0.001220508585833821, -0.002762084059994889, 0.0010805303322967003, -0.0033954710983813002, 0.0007234512061986414, -0.003953328535841037, 0.0001945127792988971, -0.004392552140580146, -0.00030960034076157883, -0.004623083485295132, -0.000857710649526236, -0.004540355298619663, -0.00080603099031204, -0.004021829428437101, 0.0006196759508012156, -0.0035148657956421588, 0.003926331338543018, -0.0036882667560210886, 0.009857493025081161, -0.010888554657876102, 0.008361753409568379, 0.004169032701533654, 0.006327845279864561, 0.0005681128674749417, 0.00364780880839273, 0.0009726015562299649, 0.002043446418339319, 0.0017125715014143297, 0.0017550764194103133, 0.0021924992736787746, 0.0018723673343340186, 0.0017484583376713714, 0.0020460803138899197, 0.0019400790207054347, 0.0024288091709858198, 0.0017565174068501638, 0.0026734497677231364, 0.0015872190345063847, 0.0024632227344894126, 0.0011343587950114337, 0.0022024436876662817, 0.0007922018675684817, 0.0017507805971732938, 0.000512910487666246, 0.001340307126984179, 0.0004498270902548174, 0.0007780606312265681, 0.000575139329029084, 0.00018295084533383188, 0.0009028729516430828, -0.0003494469854215393, 0.0015630177922404329, -0.0006939630496408389, 0.002462508177541803, -0.0007860497577611147, 0.003450809803097213]}, "rsquared": -662333380970.0613, "scale_covar": 1, "calc_covar": 1, "success": 1, "userargs": {"__class__": "Tuple", "value": [{"__class__": "NDArray", "__shape__": [40], "__dtype__": "complex128", "value": [[0.06458391788335445, 0.05698479756484337, 0.04825699366880267, 0.03846979943495817, 0.027881411941446305, 0.01670160893084773, 0.00511558561786304, -0.006661570464685362, -0.018257597699186317, -0.029553659950632784, -0.0402135237566599, -0.05002904313333918, -0.058752792529845506, -0.06625305354682538, -0.07219464704684067, -0.07638563574123336, -0.07873438585334484, -0.07876765010295173, -0.07647060019712537, -0.07144096680880174, -0.062369117964170155, -0.051110580079079135, -0.046101849517300474, -0.06004088568303081, -0.06567036954565751, -0.0625722083765877, -0.055834334067385236, -0.04699890524338208, -0.036804407758018576, -0.025970759061469527, -0.014519047441282214, -0.0024189166286600785, 0.009676346220268984, 0.021678752263697643, 0.03314285768808012, 0.04406224715284562, 0.05413374582802195, 0.06309462166671119, 0.07067193636314194, 0.0766750132267686], [-0.048888438110649746, -0.05754611085296317, -0.06512992342309248, -0.07132992438915944, -0.07612736585027252, -0.07931863500225177, -0.08091240861722186, -0.08079954217967604, -0.07887274751351064, -0.0753750688173623, -0.07020712189331949, -0.06343044311940875, -0.055199893684927635, -0.04566639191404341, -0.03501210475934674, -0.023400746757831603, -0.011057209650364842, 0.0017454741552042662, 0.014594816967284428, 0.027168524894472097, 0.037488859399330554, 0.04381734106886601, 0.012749402111893928, 0.014257120092379862, 0.027721069335937504, 0.041940016246622344, 0.053824669044543055, 0.0639518528329377, 0.07106972111197407, 0.07642255023309646, 0.07977118787593124, 0.081517754879473, 0.0813544121589903, 0.0794147509717918, 0.07564038890993298, 0.07016865113914798, 0.06311207951041158, 0.05448494909423471, 0.044541655197106275, 0.033609581273185606]]}, null]}, "userkws": {"__class__": "Dict", "f": {"__class__": "NDArray", "__shape__": [40], "__dtype__": "float64", "value": [7093796170.530159, 7093896170.530159, 7093996170.530159, 7094096170.530159, 7094196170.530159, 7094296170.530159, 7094396170.530159, 7094496170.530159, 7094596170.530159, 7094696170.530159, 7094796170.530159, 7094896170.530159, 7094996170.530159, 7095096170.530159, 7095196170.530159, 7095296170.530159, 7095396170.530159, 7095496170.530159, 7095596170.530159, 7095696170.530159, 7095796170.530159, 7095896170.530159, 7095996170.530159, 7096096170.530159, 7096196170.530159, 7096296170.530159, 7096396170.530159, 7096496170.530159, 7096596170.530159, 7096696170.530159, 7096796170.530159, 7096896170.530159, 7096996170.530159, 7097096170.530159, 7097196170.530159, 7097296170.530159, 7097396170.530159, 7097496170.530159, 7097596170.530159, 7097696170.530159]}}, "values": {"__class__": "Dict", "fr": 7095980665.850599, "Ql": 19916.184417403332, "Qe": 39343.33392105165, "A": 0.08329175122668557, "theta": 0.04791597810894466, "phi_v": -9510.355436622789, "phi_0": 2.7014293543846364, "alpha": 85.36663127910403, "Qi": 40286.31150281599, "Qc": 39388.542154045506}, "var_names": {"__class__": "List", "value": ["fr", "Ql", "Qe", "A", "theta", "phi_v", "phi_0", "alpha"]}, "weights": null, "user_options": null}