{"__class__": "lmfit.ModelResult", "__version__": "1", "model": {"__class__": "Tuple", "value": [{"__class__": "Tuple", "value": ["hanger_func_complex_SI", {"__class__": "Callable", "__name__": "hanger_func_complex_SI", "pyversion": "3.9", "value": "gASVVAAAAAAAAACMNXN1cGVyY29uZHVjdGluZ19xdWJpdF90b29scy5mdW5jdGlvbmFscy5waHlzaWNzX2Jhc2VklIwWaGFuZ2VyX2Z1bmNfY29tcGxleF9TSZSTlC4=", "importer": "superconducting_qubit_tools.functionals.physics_based"}, "hanger_func_complex_SI", "", {"__class__": "List", "value": ["f"]}, {"__class__": "List", "value": ["fr", "Ql", "Qe", "A", "theta", "phi_v", "phi_0", "alpha"]}, {"__class__": "Dict", "Ql": {"__class__": "Dict", "min": 1419.1812553009127, "value": 52632.995170850016}, "Qe": {"__class__": "Dict", "min": 1419.1812553009127, "value": 28161.46325595607}, "Qi": {"__class__": "Dict", "expr": "1./(1./Ql-1./Qe*cos(theta))", "vary": 0}, "Qc": {"__class__": "Dict", "expr": "Qe/cos(theta)", "vary": 0}, "fr": {"__class__": "Dict", "value": 7095906276.504562, "min": 7095696170.530159, "max": 7096196170.530159}, "A": {"__class__": "Dict", "value": 0.09486000413806045, "min": 0.048396850230060656, "max": 0.09679370046012131}, "alpha": {"__class__": "Dict", "value": 85.33645167418669}, "phi_0": {"__class__": "Dict", "value": 2.474120545668658, "min": 1.8458020149506993, "max": 3.1024390763866165}, "phi_v": {"__class__": "Dict", "value": -10388.257294535393}, "theta": {"__class__": "Dict", "value": 0.12828948109552663, "min": -6.283185307179586, "max": 6.283185307179586}}, "raise", {"__class__": "Dict"}]}, null, null]}, "params": [["fr", 7095902077.703447, true, null, 7095696170.530159, 7096196170.530159, null, 11166.149061820826, {"Ql": 0.0009827680055092616, "Qe": -0.003914382628862509, "A": -0.03307458734185621, "theta": -0.8004641434327113, "phi_v": -0.036691760321750866, "phi_0": -0.9413215525645476, "alpha": -0.38049679934911707}, 7095906276.504562, null], ["Ql", 21596.530560725754, true, null, 1419.1812553009127, Infinity, null, 1468.3884647896928, {"fr": 0.0009827680055092616, "Qe": 0.8005805674365284, "A": -0.3989201544399603, "theta": -0.00628564805473734, "phi_v": 0.3808483224462273, "phi_0": 0.013587161076973615, "alpha": -0.039434409736607494}, 28161.46325595607, null], ["Qe", 37522.18926870047, true, null, 1419.1812553009127, Infinity, null, 1996.3376931830537, {"fr": -0.003914382628862509, "Ql": 0.8005805674365284, "A": -0.4114887398306807, "theta": -0.0014171234545653885, "phi_v": 0.5062456962303608, "phi_0": 0.023722494835795582, "alpha": -0.036244353099409356}, 52632.995170850016, null], ["A", 0.09605618615665756, true, null, 0.048396850230060656, 0.09679370046012131, null, 0.0006687173135194308, {"fr": -0.03307458734185621, "Ql": -0.3989201544399603, "Qe": -0.4114887398306807, "theta": 0.053078766300523224, "phi_v": -0.20201564073730952, "phi_0": 0.025485036382091715, "alpha": 0.14497405733132676}, 0.09486000413806045, null], ["theta", -0.02316119097382785, true, null, -6.283185307179586, 6.283185307179586, null, 0.05318104622923307, {"fr": -0.8004641434327113, "Ql": -0.00628564805473734, "Qe": -0.0014171234545653885, "A": 0.053078766300523224, "phi_v": 0.033020453246324445, "phi_0": 0.7873556226939734, "alpha": 0.5058299852329472}, 0.12828948109552663, null], ["phi_v", -9545.293888198003, true, null, -Infinity, Infinity, null, 42.53244300110665, {"fr": -0.036691760321750866, "Ql": 0.3808483224462273, "Qe": 0.5062456962303608, "A": -0.20201564073730952, "theta": 0.033020453246324445, "phi_0": 0.0806810070108775, "alpha": -0.0012775200382542993}, -10388.257294535393, null], ["phi_0", 2.816095377074817, true, null, 1.8458020149506993, 3.1024390763866165, null, 0.018901095957967278, {"fr": -0.9413215525645476, "Ql": 0.013587161076973615, "Qe": 0.023722494835795582, "A": 0.025485036382091715, "theta": 0.7873556226939734, "phi_v": 0.0806810070108775, "alpha": 0.37644827922149954}, 2.474120545668658, null], ["alpha", 42.82891753568078, true, null, -Infinity, Infinity, null, 42.44545355534067, {"fr": -0.38049679934911707, "Ql": -0.039434409736607494, "Qe": -0.036244353099409356, "A": 0.14497405733132676, "theta": 0.5058299852329472, "phi_v": -0.0012775200382542993, "phi_0": 0.37644827922149954}, 85.33645167418669, null], ["Qi", 50864.7393913862, false, "1./(1./Ql-1./Qe*cos(theta))", -Infinity, Infinity, null, 5653.69311373622, null, 60001.80959651873, null], ["Qc", 37532.25573471607, false, "Qe/cos(theta)", -Infinity, Infinity, null, 1997.4740284441252, null, 53069.10729455886, null]], "unique_symbols": {"False": 0, "little_endian": 1, "phi_0": 2.816095377074817, "Inf": Infinity, "e": 2.718281828459045, "True": 1, "infty": Infinity, "loggammafcn": {"__class__": "Callable", "__name__": "loggamma", "pyversion": "3.9", "value": "gASVJgAAAAAAAACMFXNjaXB5LnNwZWNpYWwuX3VmdW5jc5SMCGxvZ2dhbW1hlJOULg==", "importer": "scipy.special._ufuncs"}, "fr": 7095902077.703447, "newaxis": null, "wofz": {"__class__": "Callable", "__name__": "wofz", "pyversion": "3.9", "value": "gASVIgAAAAAAAACMFXNjaXB5LnNwZWNpYWwuX3VmdW5jc5SMBHdvZnqUk5Qu", "importer": "scipy.special._ufuncs"}, "None": null, "A": 0.09605618615665756, "nan": NaN, "erf": {"__class__": "Callable", "__name__": "erf", "pyversion": "3.9", "value": "gASVIQAAAAAAAACMFXNjaXB5LnNwZWNpYWwuX3VmdW5jc5SMA2VyZpSTlC4=", "importer": "scipy.special._ufuncs"}, "theta": -0.02316119097382785, "inf": Infinity, "NAN": NaN, "phi_v": -9545.293888198003, "Ql": 21596.530560725754, "alpha": 42.82891689748018, "gamfcn": {"__class__": "Callable", "__name__": "gamma", "pyversion": "3.9", "value": "gASVIwAAAAAAAACMFXNjaXB5LnNwZWNpYWwuX3VmdW5jc5SMBWdhbW1hlJOULg==", "importer": "scipy.special._ufuncs"}, "erfc": {"__class__": "Callable", "__name__": "erfc", "pyversion": "3.9", "value": "gASVIgAAAAAAAACMFXNjaXB5LnNwZWNpYWwuX3VmdW5jc5SMBGVyZmOUk5Qu", "importer": "scipy.special._ufuncs"}, "betalnfnc": {"__class__": "Callable", "__name__": "betaln", "pyversion": "3.9", "value": "gASVJAAAAAAAAACMFXNjaXB5LnNwZWNpYWwuX3VmdW5jc5SMBmJldGFsbpSTlC4=", "importer": "scipy.special._ufuncs"}, "Qc": 37532.25573471607, "Qi": 50864.7393913862, "Qe": 37522.18926870047, "pi": 3.141592653589793}, "aborted": 0, "aic": -893.3516875368227, "best_values": {"__class__": "Dict", "fr": 7095902077.703447, "Ql": 21596.530560725754, "Qe": 37522.18926870047, "A": 0.09605618615665756, "theta": -0.02316119097382785, "phi_v": -9545.293888198003, "phi_0": 2.816095377074817, "alpha": 42.82891753568078}, "bic": -874.2954744594317, "chisqr": 0.0009257841410250968, "ci_out": null, "col_deriv": 0, "covar": {"__class__": "NDArray", "__shape__": [8, 8], "__dtype__": "float64", "value": [124682884.87080213, 16113.704483977639, -87257.08560756572, -0.246967851171303, -475.3376126967566, -17425.782847810126, -198.66822451756033, -180337.31850527402, 16113.704483977639, 2156164.6835274305, 2346821.267338384, -0.39171437566858536, -0.4908489897730601, 23785.557755404127, 0.37710012394934406, -2457.805362209722, -87257.08560756572, 2346821.267338384, 3985364.185223436, -0.5493315336207446, -0.15045220941324727, 42984.876138509586, 0.8951201931606841, -3071.1818901206207, -0.246967851171303, -0.39171437566858536, -0.5493315336207446, 4.471828454006447e-07, 1.8876447500700906e-06, -0.005745765422947769, 3.221178653448284e-07, 0.004114945045574417, -475.3376126967566, -0.4908489897730601, -0.15045220941324727, 1.8876447500700906e-06, 0.0028282236780358253, 0.07468961758016757, 0.0007914341704261799, 1.1418068023898615, -17425.782847810126, 23785.557755404127, 42984.876138509586, -0.005745765422947769, 0.07468961758016757, 1809.008707642386, 0.06486025111996845, -2.3063182106707756, -198.66822451756033, 0.37710012394934406, 0.8951201931606841, 3.221178653448284e-07, 0.0007914341704261799, 0.06486025111996845, 0.0003572514284122869, 0.3020115010708834, -180337.31850527402, -2457.805362209722, -3071.1818901206207, 0.004114945045574417, 1.1418068023898615, -2.3063182106707756, 0.3020115010708834, 1801.616527518582]}, "errorbars": 1, "flatchain": null, "ier": 1, "init_values": {"__class__": "Dict", "fr": 7095906276.504562, "Ql": 28161.46325595607, "Qe": 52632.995170850016, "A": 0.09486000413806045, "theta": 0.12828948109552663, "phi_v": -10388.257294535393, "phi_0": 2.474120545668658, "alpha": 85.33645167418669}, "lmdif_message": "Both actual and predicted relative reductions in the sum of squares\n  are at most 0.000000", "message": "Fit succeeded.", "method": "leastsq", "nan_policy": "raise", "ndata": 80, "nfev": 64, "nfree": 72, "nvarys": 8, "redchi": 1.2858113069793011e-05, "residual": {"__class__": "NDArray", "__shape__": [80], "__dtype__": "float64", "value": [-0.0012492322910318543, -0.0026459501361222534, -0.0012499232205011451, -0.002041191313289309, -0.0011177359154289149, -0.0015430414932706832, -0.0007835037684718674, -0.0011657335346426378, -0.0004349563194783468, -0.000854908543281449, -2.418395635771231e-06, -0.0006527528840900437, 0.0004841410867197655, -0.0006007937841467914, 0.0008980720301849689, -0.0007239726797376028, 0.0013452129353847368, -0.0009945781389223557, 0.0017151347469559833, -0.0013467360209943047, 0.0019425890685756952, -0.001821739464334074, 0.0020193625233454193, -0.00235800308619373, 0.0020202491722320776, -0.002922148875405081, 0.0017806544166067972, -0.0034077657661896257, 0.0015087793021518747, -0.0037495475705122752, 0.001204624187091663, -0.003801731750263746, 0.0011321127609881798, -0.0035817792889922487, 0.0017083270954497687, -0.00276510096167429, 0.0035575201924963468, -0.0017778607273242902, 0.007446121545379283, -0.0012585486830282086, 0.016669901601296583, -0.005974309048629091, 0.006632529656525513, 0.013660773376250063, 0.004055846564057872, 0.004101651397894143, -0.0010477307702841804, 0.004403957440561554, -0.0009388309930464522, 0.005813102177846675, 0.00045989163097259755, 0.004525114746237784, 0.0007314752799733454, 0.003483025781622767, 0.0009385204685179727, 0.0024043644268551406, 0.0008526756666872998, 0.0015531057267307302, 0.0010085040922279444, 0.001316628264852862, 0.0009057494101871264, 0.0009355639841729241, 0.001117177376809455, 0.0007621257281107685, 0.0008823961437833833, 0.0006464300805551909, 0.00060742219493733, 0.00044778847669213473, 8.770172712208729e-05, 0.00043093970461016706, -0.00041301810234455755, 0.0006251741300023206, -0.0008813217022126327, 0.0010261341415950115, -0.0015093942074280026, 0.001731595832204308, -0.0018347973330716527, 0.0027551495377761276, -0.0019526742104171158, 0.003836235617124359]}, "rsquared": -925784141024.0967, "scale_covar": 1, "calc_covar": 1, "success": 1, "userargs": {"__class__": "Tuple", "value": [{"__class__": "NDArray", "__shape__": [40], "__dtype__": "complex128", "value": [[0.07479250336811491, 0.06603757052288792, 0.055914483991435636, 0.044532794216288314, 0.032279513941896675, 0.019301604136293206, 0.005859619736962629, -0.007678720359634523, -0.021171066723978692, -0.034254706773632154, -0.04661033701186188, -0.05797495185169988, -0.06816651440179228, -0.07675592527030793, -0.08366515302262077, -0.08855484266705088, -0.09122703837742735, -0.0913575874183256, -0.08819791962847688, -0.07991948619072882, -0.06770579963389643, -0.045179955673031416, -0.06438928359813904, -0.07573601725419439, -0.07761955144199209, -0.0735172491255305, -0.06474993064593383, -0.05391294406877824, -0.041518154962387775, -0.028553227188415974, -0.014859333256366014, -0.0013031649307675846, 0.012605189127286118, 0.026204319345001836, 0.03945670720013282, 0.051870976808191104, 0.06322290390901701, 0.07351352899250427, 0.08211183274590102, 0.0889696606075583], [-0.05669994502959742, -0.06679618312908371, -0.07551530405108849, -0.0826812269455873, -0.08821044045258687, -0.09194910705596222, -0.09377195172479925, -0.09359925026048026, -0.09143326624137459, -0.08734336035299371, -0.0813193946171226, -0.07347953017420691, -0.06393578111642036, -0.05289071409284166, -0.04051791290894447, -0.027079315230272193, -0.012687476623564958, 0.002134768368153085, 0.0172746062024838, 0.031223435007308686, 0.04008416852405956, -0.00024799350278228283, -0.0023898404582163, 0.013220640271013955, 0.03144856993466048, 0.0492920582617092, 0.06360179012207269, 0.07511605201352207, 0.083896639005347, 0.08974742823434446, 0.09354460987115291, 0.09502101332790747, 0.09440511564656358, 0.0919242219463697, 0.08741625893075232, 0.08097475923464598, 0.07274866903404753, 0.0628064869487932, 0.051321305103982195, 0.03875860849146617]]}, null]}, "userkws": {"__class__": "Dict", "f": {"__class__": "NDArray", "__shape__": [40], "__dtype__": "float64", "value": [7093796170.530159, 7093896170.530159, 7093996170.530159, 7094096170.530159, 7094196170.530159, 7094296170.530159, 7094396170.530159, 7094496170.530159, 7094596170.530159, 7094696170.530159, 7094796170.530159, 7094896170.530159, 7094996170.530159, 7095096170.530159, 7095196170.530159, 7095296170.530159, 7095396170.530159, 7095496170.530159, 7095596170.530159, 7095696170.530159, 7095796170.530159, 7095896170.530159, 7095996170.530159, 7096096170.530159, 7096196170.530159, 7096296170.530159, 7096396170.530159, 7096496170.530159, 7096596170.530159, 7096696170.530159, 7096796170.530159, 7096896170.530159, 7096996170.530159, 7097096170.530159, 7097196170.530159, 7097296170.530159, 7097396170.530159, 7097496170.530159, 7097596170.530159, 7097696170.530159]}}, "values": {"__class__": "Dict", "fr": 7095902077.703447, "Ql": 21596.530560725754, "Qe": 37522.18926870047, "A": 0.09605618615665756, "theta": -0.02316119097382785, "phi_v": -9545.293888198003, "phi_0": 2.816095377074817, "alpha": 42.82891753568078, "Qi": 50864.7393913862, "Qc": 37532.25573471607}, "var_names": {"__class__": "List", "value": ["fr", "Ql", "Qe", "A", "theta", "phi_v", "phi_0", "alpha"]}, "weights": null, "user_options": null}