{"__class__": "lmfit.ModelResult", "__version__": "1", "model": {"__class__": "Tuple", "value": [{"__class__": "Tuple", "value": ["hanger_func_complex_SI", {"__class__": "Callable", "__name__": "hanger_func_complex_SI", "pyversion": "3.9", "value": "gASVVAAAAAAAAACMNXN1cGVyY29uZHVjdGluZ19xdWJpdF90b29scy5mdW5jdGlvbmFscy5waHlzaWNzX2Jhc2VklIwWaGFuZ2VyX2Z1bmNfY29tcGxleF9TSZSTlC4=", "importer": "superconducting_qubit_tools.functionals.physics_based"}, "hanger_func_complex_SI", "", {"__class__": "List", "value": ["f"]}, {"__class__": "List", "value": ["fr", "Ql", "Qe", "A", "theta", "phi_v", "phi_0", "alpha"]}, {"__class__": "Dict", "Ql": {"__class__": "Dict", "min": 1419.2181265116828, "value": 73880.45976804434}, "Qe": {"__class__": "Dict", "min": 1419.2181265116828, "value": 28500.435370442905}, "Qi": {"__class__": "Dict", "expr": "1./(1./Ql-1./Qe*cos(theta))", "vary": 0}, "Qc": {"__class__": "Dict", "expr": "Qe/cos(theta)", "vary": 0}, "fr": {"__class__": "Dict", "value": 7096090632.5584135, "min": 7095796170.530159, "max": 7096296170.530159}, "A": {"__class__": "Dict", "value": 0.0683053144393194, "min": 0.034987029476707676, "max": 0.06997405895341535}, "alpha": {"__class__": "Dict", "value": 25.747771687968488}, "phi_0": {"__class__": "Dict", "value": 2.1491344712151115, "min": 1.5208159404971529, "max": 2.77745300193307}, "phi_v": {"__class__": "Dict", "value": -10558.220170328277}, "theta": {"__class__": "Dict", "value": -0.08873471973504721, "min": -6.283185307179586, "max": 6.283185307179586}}, "raise", {"__class__": "Dict"}]}, null, null]}, "params": [["fr", 7096053266.950952, true, null, 7095796170.530159, 7096296170.530159, null, 15758.922786385996, {"Ql": 0.0020744520154520104, "Qe": 0.0038002490247799757, "A": -0.01624274595079657, "theta": -0.810579589854496, "phi_v": -0.1374578293170944, "phi_0": -0.9566587145027292, "alpha": -0.3763943228951511}, 7096090632.5584135, null], ["Ql", 19332.64922498205, true, null, 1419.2181265116828, Infinity, null, 1664.151243878554, {"fr": 0.0020744520154520104, "Qe": 0.8116085345980767, "A": 0.44104129403313586, "theta": -0.0011975625749933547, "phi_v": 0.379537301015686, "phi_0": 0.0007005975742008172, "alpha": -0.14539757705263326}, 28500.435370442905, null], ["Qe", 38584.16142381508, true, null, 1419.2181265116828, Infinity, null, 2647.9568479229124, {"fr": 0.0038002490247799757, "Ql": 0.8116085345980767, "A": 0.47466554970185704, "theta": -0.002991913170484798, "phi_v": 0.5015473622589925, "phi_0": 0.0019906353568627825, "alpha": -0.17119021744546656}, 73880.45976804434, null], ["A", 0.06997405895197552, true, null, 0.034987029476707676, 0.06997405895341535, null, 8.83124696240424e-05, {"fr": -0.01624274595079657, "Ql": 0.44104129403313586, "Qe": 0.47466554970185704, "theta": -0.0007043132026485131, "phi_v": 0.23399278956859054, "phi_0": 0.01636637141794333, "alpha": -0.2821912581112585}, 0.0683053144393194, null], ["theta", 0.12198142738492557, true, null, -6.283185307179586, 6.283185307179586, null, 0.06834640371561261, {"fr": -0.810579589854496, "Ql": -0.0011975625749933547, "Qe": -0.002991913170484798, "A": -0.0007043132026485131, "phi_v": 0.16203102576108966, "phi_0": 0.8131040864810588, "alpha": 0.49762699922475934}, -0.08873471973504721, null], ["phi_v", -9491.646688039815, true, null, -Infinity, Infinity, null, 49.56910159924031, {"fr": -0.1374578293170944, "Ql": 0.379537301015686, "Qe": 0.5015473622589925, "A": 0.23399278956859054, "theta": 0.16203102576108966, "phi_0": 0.2002303498737886, "alpha": -0.004533968230122229}, -10558.220170328277, null], ["phi_0", 2.5976739609415147, true, null, 1.5208159404971529, 2.77745300193307, null, 0.025873799301672964, {"fr": -0.9566587145027292, "Ql": 0.0007005975742008172, "Qe": 0.0019906353568627825, "A": 0.01636637141794333, "theta": 0.8131040864810588, "phi_v": 0.2002303498737886, "alpha": 0.38030598677743704}, 2.1491344712151115, null], ["alpha", 123.14937343129718, true, null, -Infinity, Infinity, null, 48.97756202985935, {"fr": -0.3763943228951511, "Ql": -0.14539757705263326, "Qe": -0.17119021744546656, "A": -0.2821912581112585, "theta": 0.49762699922475934, "phi_v": -0.004533968230122229, "phi_0": 0.38030598677743704}, 25.747771687968488, null], ["Qi", 38459.79695104794, false, "1./(1./Ql-1./Qe*cos(theta))", -Infinity, Infinity, null, 4730.729695338245, null, 46285.458986102356, null], ["Qc", 38873.00785079338, false, "Qe/cos(theta)", -Infinity, Infinity, null, 2686.620729778914, null, 74172.27893153869, null]], "unique_symbols": {"False": 0, "little_endian": 1, "phi_0": 2.5976739609415147, "Inf": Infinity, "e": 2.718281828459045, "True": 1, "infty": Infinity, "loggammafcn": {"__class__": "Callable", "__name__": "loggamma", "pyversion": "3.9", "value": "gASVJgAAAAAAAACMFXNjaXB5LnNwZWNpYWwuX3VmdW5jc5SMCGxvZ2dhbW1hlJOULg==", "importer": "scipy.special._ufuncs"}, "fr": 7096053266.950952, "newaxis": null, "wofz": {"__class__": "Callable", "__name__": "wofz", "pyversion": "3.9", "value": "gASVIgAAAAAAAACMFXNjaXB5LnNwZWNpYWwuX3VmdW5jc5SMBHdvZnqUk5Qu", "importer": "scipy.special._ufuncs"}, "None": null, "A": 0.06997405895197552, "nan": NaN, "erf": {"__class__": "Callable", "__name__": "erf", "pyversion": "3.9", "value": "gASVIQAAAAAAAACMFXNjaXB5LnNwZWNpYWwuX3VmdW5jc5SMA2VyZpSTlC4=", "importer": "scipy.special._ufuncs"}, "theta": 0.12198142738492557, "inf": Infinity, "NAN": NaN, "phi_v": -9491.646688039815, "Ql": 19332.64922498205, "alpha": 123.1493715962285, "gamfcn": {"__class__": "Callable", "__name__": "gamma", "pyversion": "3.9", "value": "gASVIwAAAAAAAACMFXNjaXB5LnNwZWNpYWwuX3VmdW5jc5SMBWdhbW1hlJOULg==", "importer": "scipy.special._ufuncs"}, "erfc": {"__class__": "Callable", "__name__": "erfc", "pyversion": "3.9", "value": "gASVIgAAAAAAAACMFXNjaXB5LnNwZWNpYWwuX3VmdW5jc5SMBGVyZmOUk5Qu", "importer": "scipy.special._ufuncs"}, "betalnfnc": {"__class__": "Callable", "__name__": "betaln", "pyversion": "3.9", "value": "gASVJAAAAAAAAACMFXNjaXB5LnNwZWNpYWwuX3VmdW5jc5SMBmJldGFsbpSTlC4=", "importer": "scipy.special._ufuncs"}, "Qc": 38873.00785079338, "Qi": 38459.79695104794, "Qe": 38584.16142381508, "pi": 3.141592653589793}, "aborted": 0, "aic": -923.4946428226251, "best_values": {"__class__": "Dict", "fr": 7096053266.950952, "Ql": 19332.64922498205, "Qe": 38584.16142381508, "A": 0.06997405895197552, "theta": 0.12198142738492557, "phi_v": -9491.646688039815, "phi_0": 2.5976739609415147, "alpha": 123.14937343129718}, "bic": -904.4384297452341, "chisqr": 0.0006351455322981252, "ci_out": null, "col_deriv": 0, "covar": {"__class__": "NDArray", "__shape__": [8, 8], "__dtype__": "float64", "value": [248343647.3872758, 54402.98321475498, 158580.39207274886, -0.022605182057164507, -873.0474724457156, -107375.95927828846, -390.0710907113263, -290513.79214547866, 54402.98321475498, 2769399.362502538, 3576434.7222454357, 0.06481776881332621, -0.13620927362935814, 31308.214929764923, 0.030166271003539503, -11850.785205638871, 158580.39207274886, 3576434.7222454357, 7011675.468461847, 0.1109994037290854, -0.5414714423665233, 65831.52289613168, 0.1363838110615708, -22201.73989198405, -0.022605182057164507, 0.06481776881332621, 0.1109994037290854, 7.799092291097411e-09, -4.251121591222177e-09, 0.001024319764183478, 3.739681687649326e-08, -0.0012205701617869964, -873.0474724457156, -0.13620927362935814, -0.5414714423665233, -4.251121591222177e-09, 0.004671230900857505, 0.5489400236548871, 0.0014378779254778527, 1.6657766354946857, -107375.95927828846, 31308.214929764923, 65831.52289613168, 0.001024319764183478, 0.5489400236548871, 2457.0958333558083, 0.25680363042292886, -11.007449044903726, -390.0710907113263, 0.030166271003539503, 0.1363838110615708, 3.739681687649326e-08, 0.0014378779254778527, 0.25680363042292886, 0.0006694534903032524, 0.48193728923404383, -290513.79214547866, -11850.785205638871, -22201.73989198405, -0.0012205701617869964, 1.6657766354946857, -11.007449044903726, 0.48193728923404383, 2398.8015823887204]}, "errorbars": 1, "flatchain": null, "ier": 1, "init_values": {"__class__": "Dict", "fr": 7096090632.5584135, "Ql": 28500.435370442905, "Qe": 73880.45976804434, "A": 0.0683053144393194, "theta": -0.08873471973504721, "phi_v": -10558.220170328277, "phi_0": 2.1491344712151115, "alpha": 25.747771687968488}, "lmdif_message": "Both actual and predicted relative reductions in the sum of squares\n  are at most 0.000000", "message": "Fit succeeded.", "method": "leastsq", "nan_policy": "raise", "ndata": 80, "nfev": 96, "nfree": 72, "nvarys": 8, "redchi": 8.82146572636285e-06, "residual": {"__class__": "NDArray", "__shape__": [80], "__dtype__": "float64", "value": [-0.0029108971861842095, -0.0027155613824752373, -0.002814441393055568, -0.0020432790620762906, -0.002620229206030722, -0.001464084657398404, -0.0023280153141572203, -0.0009325729720223094, -0.0019638757507451504, -0.0005730580259382528, -0.0015234464832315775, -0.0002895315877334548, -0.001034610631239087, -0.0002513450465614908, -0.0005412476213704082, -0.00020154334360349135, -0.00013637559523459186, -0.0003777909211525182, 0.00027693968060416366, -0.0006986337490234029, 0.0005553441390465513, -0.0011572219724632696, 0.0007308096877287826, -0.0016587917048580952, 0.0006973129335382175, -0.0022664804889124188, 0.0005238499199953298, -0.002821261411260788, 0.00019935448155637692, -0.003466815004750077, -0.0003709894036002803, -0.004011999004719987, -0.0010895690273405867, -0.004384379982555238, -0.0018082067643809818, -0.004439722415570697, -0.0025196617032352403, -0.004134730298594945, -0.0026188355252165924, -0.003601325090020556, -0.0015040956378223058, -0.003047674954407026, 0.001885545921768872, -0.004862684132057288, 0.003992961977721532, -0.011736139617298982, 0.005145592716786197, -0.0014855481060792597, 0.008808429183408698, -0.003622038163390018, 0.004365667293763656, -0.002896403434939833, 0.0023568455127350174, -0.0013296433279782194, 0.002274692277175784, 0.0008901947171449168, 0.0028259323577694145, 0.0015764504123339032, 0.003206722966944943, 0.00173470804762553, 0.0035838077636928846, 0.0016084134716115445, 0.0034394309951378465, 0.0010503798431133748, 0.003509370051122355, 0.0006155658675260495, 0.0030189586987219123, 0.00019695012404315204, 0.0021839799672790927, 6.0873337191902355e-05, 0.0014782666570013966, 0.00017007889829463024, 0.00075871778889125, 0.0005617638958829718, 0.0001513301401483147, 0.0011928455933449336, -0.00025881381365036593, 0.0020870429311041216, -0.0002947995099404771, 0.0030006649322553668]}, "rsquared": -635145532297.1251, "scale_covar": 1, "calc_covar": 1, "success": 1, "userargs": {"__class__": "Tuple", "value": [{"__class__": "NDArray", "__shape__": [40], "__dtype__": "complex128", "value": [[0.05415970649216078, 0.04775429124557278, 0.04039058158662066, 0.03219306734846345, 0.023326884617733273, 0.013938803057351455, 0.004217494053321167, -0.0056252390717551545, -0.015323853552836476, -0.024800601513838855, -0.03373749503847093, -0.04199367709176158, -0.04929307680637823, -0.05553706286066498, -0.06054665471288012, -0.06405184350621719, -0.06595255609390266, -0.06614501064581935, -0.0642641001646846, -0.06028877315698278, -0.05373560631793478, -0.04445784024162647, -0.03298287091723406, -0.0369563334753412, -0.052750493707922404, -0.051854811943736256, -0.04655058529345535, -0.0398291848112329, -0.03204928462145443, -0.023171958964338067, -0.013787966908509397, -0.003668789310576467, 0.006218611828571534, 0.016446410655742406, 0.02661394622608925, 0.03607655406778593, 0.04482021380612253, 0.0525765825130908, 0.059134627453571544, 0.0642096352775212], [-0.04105994338132022, -0.04835042910070377, -0.05465018763167135, -0.05989228144702996, -0.06385681724827873, -0.06656264168982048, -0.06778295928254381, -0.06773790847934857, -0.06617412372956233, -0.0631785096139167, -0.05878407461280991, -0.05313150079575292, -0.046221858230985895, -0.03829469300061829, -0.02930078661703867, -0.019537377667298905, -0.00919391367082544, 0.00145142066705851, 0.012173829914012892, 0.02275536876803326, 0.032425745052305964, 0.040370414998511545, 0.04177269410551265, 0.018857057631976676, 0.024140600609791008, 0.035432775038070206, 0.04526118258283845, 0.052075934055553864, 0.058173391426954844, 0.06280987772454735, 0.06593301983466658, 0.06782050970885367, 0.06801641204640174, 0.06671585955151593, 0.06374206399847719, 0.059230229439709785, 0.053253090877560916, 0.045977104928706644, 0.03751541926351826, 0.028261167316595167]]}, null]}, "userkws": {"__class__": "Dict", "f": {"__class__": "NDArray", "__shape__": [40], "__dtype__": "float64", "value": [7093796170.530159, 7093896170.530159, 7093996170.530159, 7094096170.530159, 7094196170.530159, 7094296170.530159, 7094396170.530159, 7094496170.530159, 7094596170.530159, 7094696170.530159, 7094796170.530159, 7094896170.530159, 7094996170.530159, 7095096170.530159, 7095196170.530159, 7095296170.530159, 7095396170.530159, 7095496170.530159, 7095596170.530159, 7095696170.530159, 7095796170.530159, 7095896170.530159, 7095996170.530159, 7096096170.530159, 7096196170.530159, 7096296170.530159, 7096396170.530159, 7096496170.530159, 7096596170.530159, 7096696170.530159, 7096796170.530159, 7096896170.530159, 7096996170.530159, 7097096170.530159, 7097196170.530159, 7097296170.530159, 7097396170.530159, 7097496170.530159, 7097596170.530159, 7097696170.530159]}}, "values": {"__class__": "Dict", "fr": 7096053266.950952, "Ql": 19332.64922498205, "Qe": 38584.16142381508, "A": 0.06997405895197552, "theta": 0.12198142738492557, "phi_v": -9491.646688039815, "phi_0": 2.5976739609415147, "alpha": 123.14937343129718, "Qi": 38459.79695104794, "Qc": 38873.00785079338}, "var_names": {"__class__": "List", "value": ["fr", "Ql", "Qe", "A", "theta", "phi_v", "phi_0", "alpha"]}, "weights": null, "user_options": null}