{"__class__": "lmfit.ModelResult", "__version__": "1", "model": {"__class__": "Tuple", "value": [{"__class__": "Tuple", "value": ["hanger_func_complex_SI", {"__class__": "Callable", "__name__": "hanger_func_complex_SI", "pyversion": "3.9", "value": "gASVVAAAAAAAAACMNXN1cGVyY29uZHVjdGluZ19xdWJpdF90b29scy5mdW5jdGlvbmFscy5waHlzaWNzX2Jhc2VklIwWaGFuZ2VyX2Z1bmNfY29tcGxleF9TSZSTlC4=", "importer": "superconducting_qubit_tools.functionals.physics_based"}, "hanger_func_complex_SI", "", {"__class__": "List", "value": ["f"]}, {"__class__": "List", "value": ["fr", "Ql", "Qe", "A", "theta", "phi_v", "phi_0", "alpha"]}, {"__class__": "Dict", "Ql": {"__class__": "Dict", "min": 1182.6248545282017, "value": 20676.310507231155}, "Qe": {"__class__": "Dict", "min": 1182.6248545282017, "value": 18327.48956803076}, "Qi": {"__class__": "Dict", "expr": "1./(1./Ql-1./Qe*cos(theta))", "vary": 0}, "Qc": {"__class__": "Dict", "expr": "Qe/cos(theta)", "vary": 0}, "fr": {"__class__": "Dict", "value": 7095749127.16921, "min": 7095496170.530159, "max": 7096096170.530159}, "A": {"__class__": "Dict", "value": 0.13428393732453847, "min": 0.06757685087908451, "max": 0.13515370175816901}, "alpha": {"__class__": "Dict", "value": 139.71860892132997}, "phi_0": {"__class__": "Dict", "value": 2.6622740550032695, "min": 2.033955524285311, "max": 3.290592585721228}, "phi_v": {"__class__": "Dict", "value": -10494.03770927227}, "theta": {"__class__": "Dict", "value": 0.12937380193010917, "min": -6.283185307179586, "max": 6.283185307179586}}, "raise", {"__class__": "Dict"}]}, null, null]}, "params": [["fr", 7095797656.188591, true, null, 7095496170.530159, 7096096170.530159, null, 6896.098233855022, {"Ql": 0.0007861401979749991, "Qe": -0.0035861539538881303, "A": -0.021225217325444478, "theta": -0.8042052970373742, "phi_v": -0.0005628268572989379, "phi_0": -0.9183019939673861, "alpha": -0.402364828624023}, 7095749127.16921, null], ["Ql", 19286.837884295495, true, null, 1182.6248545282017, Infinity, null, 723.100538172079, {"fr": 0.0007861401979749991, "Qe": 0.8042115869738793, "A": -0.41194484761184885, "theta": -0.005353575541114346, "phi_v": 0.40239328290733234, "phi_0": 0.009599745164298316, "alpha": -0.002552833715519763}, 18327.48956803076, null], ["Qe", 23840.14439070703, true, null, 1182.6248545282017, Infinity, null, 690.7155295384061, {"fr": -0.0035861539538881303, "Ql": 0.8042115869738793, "A": -0.3750713924590468, "theta": -0.000964753505595165, "phi_v": 0.5294771112615804, "phi_0": 0.017086742685572198, "alpha": 0.005276526138287363}, 20676.310507231155, null], ["A", 0.13352184145843585, true, null, 0.06757685087908451, 0.13515370175816901, null, 0.0007488716851918839, {"fr": -0.021225217325444478, "Ql": -0.41194484761184885, "Qe": -0.3750713924590468, "theta": 0.03278188733496227, "phi_v": -0.1915337267522277, "phi_0": 0.015300789973608077, "alpha": 0.04343108006643699}, 0.13428393732453847, null], ["theta", -0.03407620536203737, true, null, -6.283185307179586, 6.283185307179586, null, 0.028971667641370668, {"fr": -0.8042052970373742, "Ql": -0.005353575541114346, "Qe": -0.000964753505595165, "A": 0.03278188733496227, "phi_v": -0.007319567477130387, "phi_0": 0.7575260853472692, "alpha": 0.5294445762208605}, 0.12937380193010917, null], ["phi_v", -9819.663060367191, true, null, -Infinity, Infinity, null, 34.77566586970646, {"fr": -0.0005628268572989379, "Ql": 0.40239328290733234, "Qe": 0.5294771112615804, "A": -0.1915337267522277, "theta": -0.007319567477130387, "phi_0": 0.017446508339626646, "alpha": -0.0007960571007388298}, -10494.03770927227, null], ["phi_0", 2.951300419762807, true, null, 2.033955524285311, 3.290592585721228, null, 0.012908084681316052, {"fr": -0.9183019939673861, "Ql": 0.009599745164298316, "Qe": 0.017086742685572198, "A": 0.015300789973608077, "theta": 0.7575260853472692, "phi_v": 0.017446508339626646, "alpha": 0.38067157822444986}, 2.6622740550032695, null], ["alpha", 29.331199538003503, true, null, -Infinity, Infinity, null, 34.7599721549655, {"fr": -0.402364828624023, "Ql": -0.002552833715519763, "Qe": 0.005276526138287363, "A": 0.04343108006643699, "theta": 0.5294445762208605, "phi_v": -0.0007960571007388298, "phi_0": 0.38067157822444986}, 139.71860892132997, null], ["Qi", 100734.07236646928, false, "1./(1./Ql-1./Qe*cos(theta))", -Infinity, Infinity, null, 12250.154527920964, null, 151457.6255070919, null], ["Qc", 23853.992532824548, false, "Qe/cos(theta)", -Infinity, Infinity, null, 691.5408827865834, null, 20850.56123393839, null]], "unique_symbols": {"False": 0, "little_endian": 1, "phi_0": 2.951300419762807, "Inf": Infinity, "e": 2.718281828459045, "True": 1, "infty": Infinity, "loggammafcn": {"__class__": "Callable", "__name__": "loggamma", "pyversion": "3.9", "value": "gASVJgAAAAAAAACMFXNjaXB5LnNwZWNpYWwuX3VmdW5jc5SMCGxvZ2dhbW1hlJOULg==", "importer": "scipy.special._ufuncs"}, "fr": 7095797656.188591, "newaxis": null, "wofz": {"__class__": "Callable", "__name__": "wofz", "pyversion": "3.9", "value": "gASVIgAAAAAAAACMFXNjaXB5LnNwZWNpYWwuX3VmdW5jc5SMBHdvZnqUk5Qu", "importer": "scipy.special._ufuncs"}, "None": null, "A": 0.13352184145843585, "nan": NaN, "erf": {"__class__": "Callable", "__name__": "erf", "pyversion": "3.9", "value": "gASVIQAAAAAAAACMFXNjaXB5LnNwZWNpYWwuX3VmdW5jc5SMA2VyZpSTlC4=", "importer": "scipy.special._ufuncs"}, "theta": -0.03407620536203737, "inf": Infinity, "NAN": NaN, "phi_v": -9819.663060367191, "Ql": 19286.837884295495, "alpha": 29.331199100934572, "gamfcn": {"__class__": "Callable", "__name__": "gamma", "pyversion": "3.9", "value": "gASVIwAAAAAAAACMFXNjaXB5LnNwZWNpYWwuX3VmdW5jc5SMBWdhbW1hlJOULg==", "importer": "scipy.special._ufuncs"}, "erfc": {"__class__": "Callable", "__name__": "erfc", "pyversion": "3.9", "value": "gASVIgAAAAAAAACMFXNjaXB5LnNwZWNpYWwuX3VmdW5jc5SMBGVyZmOUk5Qu", "importer": "scipy.special._ufuncs"}, "betalnfnc": {"__class__": "Callable", "__name__": "betaln", "pyversion": "3.9", "value": "gASVJAAAAAAAAACMFXNjaXB5LnNwZWNpYWwuX3VmdW5jc5SMBmJldGFsbpSTlC4=", "importer": "scipy.special._ufuncs"}, "Qc": 23853.992532824548, "Qi": 100734.07236646928, "Qe": 23840.14439070703, "pi": 3.141592653589793}, "aborted": 0, "aic": -875.6900021801989, "best_values": {"__class__": "Dict", "fr": 7095797656.188591, "Ql": 19286.837884295495, "Qe": 23840.14439070703, "A": 0.13352184145843585, "theta": -0.03407620536203737, "phi_v": -9819.663060367191, "phi_0": 2.951300419762807, "alpha": 29.331199538003503}, "bic": -856.6337891028079, "chisqr": 0.0011544879200576469, "ci_out": null, "col_deriv": 0, "covar": {"__class__": "NDArray", "__shape__": [8, 8], "__dtype__": "float64", "value": [47556170.85097836, 3920.1449698766805, -17081.719645686968, -0.1096132350093272, -160.67335530308014, -134.97511523503852, -81.74303765530243, -96450.14180627652, 3920.1449698766805, 522874.3883047503, 401668.9225377469, -0.2230720561134857, -0.1121543478210072, 10118.70329871896, 0.08960251400994675, -64.16535946971969, -17081.719645686968, 401668.9225377469, 477087.94274552085, -0.19400841674340358, -0.01930585678595122, 12718.089171263437, 0.1523422289794728, 126.68544876617327, -0.1096132350093272, -0.2230720561134857, -0.19400841674340358, 5.608088008821321e-07, 7.112378459808828e-07, -0.004988019282256364, 1.4790507293601296e-07, 0.0011305439750579713, -160.67335530308014, -0.1121543478210072, -0.01930585678595122, 7.112378459808828e-07, 0.0008393575259220442, -0.007374530355140122, 0.00028329107510430247, 0.5331794691246824, -134.97511523503852, 10118.70329871896, 12718.089171263437, -0.004988019282256364, -0.007374530355140122, 1209.3469366814668, 0.007831514974385747, -0.9622747605722213, -81.74303765530243, 0.08960251400994675, 0.1523422289794728, 1.4790507293601296e-07, 0.00028329107510430247, 0.007831514974385747, 0.00016661865014002612, 0.17080149920671522, -96450.14180627652, -64.16535946971969, 126.68544876617327, 0.0011305439750579713, 0.5331794691246824, -0.9622747605722213, 0.17080149920671522, 1208.255664213977]}, "errorbars": 1, "flatchain": null, "ier": 1, "init_values": {"__class__": "Dict", "fr": 7095749127.16921, "Ql": 18327.48956803076, "Qe": 20676.310507231155, "A": 0.13428393732453847, "theta": 0.12937380193010917, "phi_v": -10494.03770927227, "phi_0": 2.6622740550032695, "alpha": 139.71860892132997}, "lmdif_message": "Both actual and predicted relative reductions in the sum of squares\n  are at most 0.000000", "message": "Fit succeeded.", "method": "leastsq", "nan_policy": "raise", "ndata": 80, "nfev": 64, "nfree": 72, "nvarys": 8, "redchi": 1.6034554445245096e-05, "residual": {"__class__": "NDArray", "__shape__": [80], "__dtype__": "float64", "value": [0.0026151989408819964, 0.0023788968448161946, 0.002716332083584738, 0.0017991346333803282, 0.002728273853006169, 0.0014790184524536842, 0.0028215689609772665, 0.0010661507114014257, 0.0028193792029291426, 0.0006877675151300416, 0.0027225868761048683, 0.0002898176201461822, 0.0025822447316617963, 4.1660319227421194e-05, 0.0023398559780200712, -0.00023404301229390523, 0.0020640089417059554, -0.0003518725108715426, 0.0016855625544515626, -0.00037272652532609196, 0.0012531646529694712, -0.00012895682752993298, 0.0007479182738829304, 0.0004536174453841635, 0.00040353047059615843, 0.0014245189234456668, 0.0003805198842166124, 0.0030285074768148096, 0.0008797478724953123, 0.005275992987410688, 0.0024919629099728613, 0.007888600658703279, 0.006031090795368649, 0.011347952427071584, 0.012166851541889956, 0.01385192920582334, -0.0024832779646319775, 0.0033043119215124123, -0.012019400238742248, 0.008864303927375076, -0.001225481107952911, 0.005437781811332878, -0.004914994048837447, 0.0004602460928824388, -0.006136161937202081, 0.0035147188862517074, -0.004117167857026094, 0.004145365336895733, -0.0022853055384843834, 0.0038110103752593896, -0.0012856454953860813, 0.002682151291146559, -0.0007088755496433286, 0.0015228230855994507, -0.0008352723742700713, 0.000437216508959809, -0.001382815886584357, -0.00038363431825146066, -0.0013076416257787743, -0.0004045774551565684, -0.0017591686181260419, -0.0005469507688584674, -0.0018399410565782446, -0.0003956041944680466, -0.00200102925677742, -0.000242317839119488, -0.001997467573564851, -0.00010168405756433296, -0.0022048282694757323, 0.0001628260398811726, -0.0019488258766595934, 0.0002896715301412417, -0.002082732840297488, 0.0006150484009623397, -0.001998562213722993, 0.0008489688157337222, -0.0019839875194139073, 0.0012572142234447414, -0.001929680094406111, 0.0016762046456157212]}, "rsquared": -1154487920056.6467, "scale_covar": 1, "calc_covar": 1, "success": 1, "userargs": {"__class__": "Tuple", "value": [{"__class__": "NDArray", "__shape__": [40], "__dtype__": "complex128", "value": [[0.10320434880408066, 0.09094129556973618, 0.07682811450445776, 0.06096010030160372, 0.043815461412661835, 0.025725579198884806, 0.006997756398941284, -0.011929699247851313, -0.030728092106016444, -0.048916080745069014, -0.06611502362928216, -0.08185839151998354, -0.0958970572169257, -0.10783979568518717, -0.11719429526727376, -0.12356037173063861, -0.12612199726114054, -0.12257086393340486, -0.08433686474537815, -0.03496390857333142, -0.02439046225946126, -0.05889684384732229, -0.09525013304292486, -0.11079061417050866, -0.11158546657217497, -0.1038739305877313, -0.09129779962149262, -0.07518749022006288, -0.05676967526553721, -0.037748546248129886, -0.01750556973381398, 0.0025955684719635454, 0.022577438078686042, 0.04179427192661898, 0.060246418098036, 0.07691160272655105, 0.092325750979902, 0.10559824698205454, 0.11677299239359429, 0.12553957296500978], [-0.08052655580909183, -0.09414535908589552, -0.10617871308431548, -0.11600543734686047, -0.12351913605705377, -0.12847085238830835, -0.13087630902072775, -0.13044713961885915, -0.12730028348698172, -0.12134720255633243, -0.11276510040178844, -0.10166901281791951, -0.08817236691890955, -0.07259728121326559, -0.05503963671350225, -0.03533720018529404, -0.014265218715173864, 0.008834542904822565, 0.04123268092406572, 0.036354921133155985, -0.0034167701710009967, -0.02932109471606696, -0.014818330989328877, 0.015180459160890924, 0.04384681857453362, 0.06872119534207834, 0.08925161708874646, 0.10575000727531905, 0.11832473553618864, 0.1266361716102261, 0.13174527545550654, 0.13335787383928843, 0.13189230333262092, 0.1275100348118054, 0.12025010465725376, 0.11058235774485146, 0.09841268197839063, 0.08430578827962797, 0.06830048355825599, 0.05089078004778335]]}, null]}, "userkws": {"__class__": "Dict", "f": {"__class__": "NDArray", "__shape__": [40], "__dtype__": "float64", "value": [7093796170.530159, 7093896170.530159, 7093996170.530159, 7094096170.530159, 7094196170.530159, 7094296170.530159, 7094396170.530159, 7094496170.530159, 7094596170.530159, 7094696170.530159, 7094796170.530159, 7094896170.530159, 7094996170.530159, 7095096170.530159, 7095196170.530159, 7095296170.530159, 7095396170.530159, 7095496170.530159, 7095596170.530159, 7095696170.530159, 7095796170.530159, 7095896170.530159, 7095996170.530159, 7096096170.530159, 7096196170.530159, 7096296170.530159, 7096396170.530159, 7096496170.530159, 7096596170.530159, 7096696170.530159, 7096796170.530159, 7096896170.530159, 7096996170.530159, 7097096170.530159, 7097196170.530159, 7097296170.530159, 7097396170.530159, 7097496170.530159, 7097596170.530159, 7097696170.530159]}}, "values": {"__class__": "Dict", "fr": 7095797656.188591, "Ql": 19286.837884295495, "Qe": 23840.14439070703, "A": 0.13352184145843585, "theta": -0.03407620536203737, "phi_v": -9819.663060367191, "phi_0": 2.951300419762807, "alpha": 29.331199538003503, "Qi": 100734.07236646928, "Qc": 23853.992532824548}, "var_names": {"__class__": "List", "value": ["fr", "Ql", "Qe", "A", "theta", "phi_v", "phi_0", "alpha"]}, "weights": null, "user_options": null}