{"__class__": "lmfit.ModelResult", "__version__": "1", "model": {"__class__": "Tuple", "value": [{"__class__": "Tuple", "value": ["hanger_func_complex_SI", {"__class__": "Callable", "__name__": "hanger_func_complex_SI", "pyversion": "3.9", "value": "gASVVAAAAAAAAACMNXN1cGVyY29uZHVjdGluZ19xdWJpdF90b29scy5mdW5jdGlvbmFscy5waHlzaWNzX2Jhc2VklIwWaGFuZ2VyX2Z1bmNfY29tcGxleF9TSZSTlC4=", "importer": "superconducting_qubit_tools.functionals.physics_based"}, "hanger_func_complex_SI", "", {"__class__": "List", "value": ["f"]}, {"__class__": "List", "value": ["fr", "Ql", "Qe", "A", "theta", "phi_v", "phi_0", "alpha"]}, {"__class__": "Dict", "Ql": {"__class__": "Dict", "min": 1182.6289689316789, "value": 25571.706971357107}, "Qe": {"__class__": "Dict", "min": 1182.6289689316789, "value": 20778.2629901917}, "Qi": {"__class__": "Dict", "expr": "1./(1./Ql-1./Qe*cos(theta))", "vary": 0}, "Qc": {"__class__": "Dict", "expr": "Qe/cos(theta)", "vary": 0}, "fr": {"__class__": "Dict", "value": 7095773813.590074, "min": 7095496170.530159, "max": 7096096170.530159}, "A": {"__class__": "Dict", "value": 0.12133805601740391, "min": 0.06134037176926663, "max": 0.12268074353853325}, "alpha": {"__class__": "Dict", "value": 141.60171645433127}, "phi_0": {"__class__": "Dict", "value": 2.6347666191255126, "min": 2.006448088407554, "max": 3.263085149843471}, "phi_v": {"__class__": "Dict", "value": -10483.198892137814}, "theta": {"__class__": "Dict", "value": 0.16267851704974579, "min": -6.283185307179586, "max": 6.283185307179586}}, "raise", {"__class__": "Dict"}]}, null, null]}, "params": [["fr", 7095816810.059007, true, null, 7095496170.530159, 7096096170.530159, null, 7521.246161545092, {"Ql": 0.0005944267036387449, "Qe": -0.004859615618620022, "A": -0.02713157207220257, "theta": -0.7993322179086021, "phi_v": -0.005288616079526861, "phi_0": -0.9172291266173732, "alpha": -0.38825649265424733}, 7095773813.590074, null], ["Ql", 20840.634977609156, true, null, 1182.6289689316789, Infinity, null, 920.8061898541731, {"fr": 0.0005944267036387449, "Qe": 0.7993437881002237, "A": -0.3967751048710278, "theta": -0.006214047045093254, "phi_v": 0.38830399799730336, "phi_0": 0.012198737504208895, "alpha": -0.006761512021997754}, 20778.2629901917, null], ["Qe", 27359.959166447512, true, null, 1182.6289689316789, Infinity, null, 932.3104024681909, {"fr": -0.004859615618620022, "Ql": 0.7993437881002237, "A": -0.3700646699503818, "theta": -0.0007525428691012562, "phi_v": 0.5136586805261725, "phi_0": 0.02157433204817314, "alpha": 0.00225689172583673}, 25571.706971357107, null], ["A", 0.12110063418683742, true, null, 0.06134037176926663, 0.12268074353853325, null, 0.0007274176776984602, {"fr": -0.02713157207220257, "Ql": -0.3967751048710278, "Qe": -0.3700646699503818, "theta": 0.04082213052645149, "phi_v": -0.184049114218126, "phi_0": 0.01988691497031063, "alpha": 0.06305853124526348}, 0.12133805601740391, null], ["theta", -0.040024551644163076, true, null, -6.283185307179586, 6.283185307179586, null, 0.03407384630594652, {"fr": -0.7993322179086021, "Ql": -0.006214047045093254, "Qe": -0.0007525428691012562, "A": 0.04082213052645149, "phi_v": -0.0038256999060429582, "phi_0": 0.7561290658261302, "alpha": 0.5136050722901685}, 0.16267851704974579, null], ["phi_v", -9727.712460278904, true, null, -Infinity, Infinity, null, 37.18645224870824, {"fr": -0.005288616079526861, "Ql": 0.38830399799730336, "Qe": 0.5136586805261725, "A": -0.184049114218126, "theta": -0.0038256999060429582, "phi_0": 0.029864666134832664, "alpha": -0.0005989347748364494}, -10483.198892137814, null], ["phi_0", 2.9329655316861905, true, null, 2.006448088407554, 3.263085149843471, null, 0.01383878178546999, {"fr": -0.9172291266173732, "Ql": 0.012198737504208895, "Qe": 0.02157433204817314, "A": 0.01988691497031063, "theta": 0.7561290658261302, "phi_v": 0.029864666134832664, "alpha": 0.36910888324559044}, 2.6347666191255126, null], ["alpha", 23.746772443850368, true, null, -Infinity, Infinity, null, 37.167858199116075, {"fr": -0.38825649265424733, "Ql": -0.006761512021997754, "Qe": 0.00225689172583673, "A": 0.06305853124526348, "theta": 0.5136050722901685, "phi_v": -0.0005989347748364494, "phi_0": 0.36910888324559044}, 141.60171645433127, null], ["Qi", 87239.5377125543, false, "1./(1./Ql-1./Qe*cos(theta))", -Infinity, Infinity, null, 10286.35996436803, null, 104845.85553058279, null], ["Qc", 27381.88864867865, false, "Qe/cos(theta)", -Infinity, Infinity, null, 933.8335419135941, null, 25913.847343724105, null]], "unique_symbols": {"False": 0, "little_endian": 1, "phi_0": 2.9329655316861905, "Inf": Infinity, "e": 2.718281828459045, "True": 1, "infty": Infinity, "loggammafcn": {"__class__": "Callable", "__name__": "loggamma", "pyversion": "3.9", "value": "gASVJgAAAAAAAACMFXNjaXB5LnNwZWNpYWwuX3VmdW5jc5SMCGxvZ2dhbW1hlJOULg==", "importer": "scipy.special._ufuncs"}, "fr": 7095816810.059007, "newaxis": null, "wofz": {"__class__": "Callable", "__name__": "wofz", "pyversion": "3.9", "value": "gASVIgAAAAAAAACMFXNjaXB5LnNwZWNpYWwuX3VmdW5jc5SMBHdvZnqUk5Qu", "importer": "scipy.special._ufuncs"}, "None": null, "A": 0.12110063418683742, "nan": NaN, "erf": {"__class__": "Callable", "__name__": "erf", "pyversion": "3.9", "value": "gASVIQAAAAAAAACMFXNjaXB5LnNwZWNpYWwuX3VmdW5jc5SMA2VyZpSTlC4=", "importer": "scipy.special._ufuncs"}, "theta": -0.040024551644163076, "inf": Infinity, "NAN": NaN, "phi_v": -9727.712460278904, "Ql": 20840.634977609156, "alpha": 23.746772089995886, "gamfcn": {"__class__": "Callable", "__name__": "gamma", "pyversion": "3.9", "value": "gASVIwAAAAAAAACMFXNjaXB5LnNwZWNpYWwuX3VmdW5jc5SMBWdhbW1hlJOULg==", "importer": "scipy.special._ufuncs"}, "erfc": {"__class__": "Callable", "__name__": "erfc", "pyversion": "3.9", "value": "gASVIgAAAAAAAACMFXNjaXB5LnNwZWNpYWwuX3VmdW5jc5SMBGVyZmOUk5Qu", "importer": "scipy.special._ufuncs"}, "betalnfnc": {"__class__": "Callable", "__name__": "betaln", "pyversion": "3.9", "value": "gASVJAAAAAAAAACMFXNjaXB5LnNwZWNpYWwuX3VmdW5jc5SMBmJldGFsbpSTlC4=", "importer": "scipy.special._ufuncs"}, "Qc": 27381.88864867865, "Qi": 87239.5377125543, "Qe": 27359.959166447512, "pi": 3.141592653589793}, "aborted": 0, "aic": -878.4929752354277, "best_values": {"__class__": "Dict", "fr": 7095816810.059007, "Ql": 20840.634977609156, "Qe": 27359.959166447512, "A": 0.12110063418683742, "theta": -0.040024551644163076, "phi_v": -9727.712460278904, "phi_0": 2.9329655316861905, "alpha": 23.746772443850368}, "bic": -859.4367621580367, "chisqr": 0.0011147383606079045, "ci_out": null, "col_deriv": 0, "covar": {"__class__": "NDArray", "__shape__": [8, 8], "__dtype__": "float64", "value": [56569143.82255678, 4116.767535451266, -34076.28580010557, -0.14843920254675363, -204.8510908744034, -1479.164893356529, -95.4696875979976, -108536.56316060475, 4116.767535451266, 847884.0392737596, 686218.4086191074, -0.26576421082911766, -0.19496826504135512, 13296.117330928015, 0.15544651054611786, -231.408650755596, -34076.28580010557, 686218.4086191074, 869202.6865504001, -0.25097011291395377, -0.023906331365705736, 17808.195246067047, 0.27835289972061494, 78.20576883374653, -0.14843920254675363, -0.26576421082911766, -0.25097011291395377, 5.29136477828221e-07, 1.0118139859423818e-06, -0.004978543767198258, 2.001931112940756e-07, 0.0017048855804167606, -204.8510908744034, -0.19496826504135512, -0.023906331365705736, 1.0118139859423818e-06, 0.0011610270020812657, -0.004847488719860492, 0.00035654549562368017, 0.6504561133844584, -1479.164893356529, 13296.117330928015, 17808.195246067047, -0.004978543767198258, -0.004847488719860492, 1382.8322308454585, 0.015368811077544823, -0.8278121793221119, -95.4696875979976, 0.15544651054611786, 0.27835289972061494, 2.001931112940756e-07, 0.00035654549562368017, 0.015368811077544823, 0.000191511881305856, 0.18985406232503302, -108536.56316060475, -231.408650755596, 78.20576883374653, 0.0017048855804167606, 0.6504561133844584, -0.8278121793221119, 0.18985406232503302, 1381.4496831096]}, "errorbars": 1, "flatchain": null, "ier": 1, "init_values": {"__class__": "Dict", "fr": 7095773813.590074, "Ql": 20778.2629901917, "Qe": 25571.706971357107, "A": 0.12133805601740391, "theta": 0.16267851704974579, "phi_v": -10483.198892137814, "phi_0": 2.6347666191255126, "alpha": 141.60171645433127}, "lmdif_message": "Both actual and predicted relative reductions in the sum of squares\n  are at most 0.000000", "message": "Fit succeeded.", "method": "leastsq", "nan_policy": "raise", "ndata": 80, "nfev": 64, "nfree": 72, "nvarys": 8, "redchi": 1.548247723066534e-05, "residual": {"__class__": "NDArray", "__shape__": [80], "__dtype__": "float64", "value": [0.0014878261610059423, 0.0007575111425836695, 0.0015114113079360142, 0.000565867340864834, 0.0016375923582342272, 0.0005520276390539175, 0.0018009397867299812, 0.00044589286689472596, 0.0019920485557188214, 0.0002817799257420761, 0.0021877791730193948, 0.00010531150390789834, 0.00231307921258623, -0.00013137594858984858, 0.002421744940135582, -0.00039107913082854495, 0.0023891437503787555, -0.0006928414425186741, 0.0023472339553987018, -0.000926689271377526, 0.0021355452187027738, -0.0011149151703583188, 0.0018577593935395764, -0.0010500554182271415, 0.0016397028360576882, -0.0008133746452917701, 0.0013711807336676957, -5.859359272909759e-05, 0.0014369582320869628, 0.0010737930985217845, 0.002237571789724946, 0.0030560968730439717, 0.004283984488864981, 0.005664267972168109, 0.008696414445773668, 0.008516284574367528, 0.01565022581932933, 0.009386866274665596, -0.00459331020749152, 0.007165546364428843, -0.002994752090465798, 0.013347724757073923, -0.002348134934598463, 0.002702358080937401, -0.006343374052414724, 0.0036376604828420502, -0.0050049911452680895, 0.005594151905778133, -0.0026834158983113227, 0.00534845981896153, -0.0011713285519806271, 0.0039907697397975825, -0.00045769054728571346, 0.0028514792992082177, -0.000344788299513607, 0.0013032217964352028, -0.00016243744583605002, 0.0009371459643311292, -0.0010817454844477756, -0.0002401600274022503, -0.0009197435743067243, -0.00019175049006933675, -0.0010262842022281775, -0.000215342045269018, -0.0014448545151025498, -0.000165337399527829, -0.001690946814060526, -5.749419556716484e-05, -0.0020085536027489026, 0.00023801827019163946, -0.0022079878374996337, 0.0004561239031726505, -0.0023828520682502435, 0.0008529470133229883, -0.002535267098479524, 0.0013594235270853877, -0.002648783250736461, 0.0020960473658561685, -0.0026237187924342126, 0.0029379941428799364]}, "rsquared": -1114738360606.9045, "scale_covar": 1, "calc_covar": 1, "success": 1, "userargs": {"__class__": "Tuple", "value": [{"__class__": "NDArray", "__shape__": [40], "__dtype__": "complex128", "value": [[0.0941363551033143, 0.08311338191179166, 0.0702866218689889, 0.055957057906291977, 0.04039974043808393, 0.02392936476207561, 0.006934080421138405, -0.010309580808042259, -0.027333322440232663, -0.043915032085349755, -0.05953081127440693, -0.0739090979296112, -0.08677958204365384, -0.0975929921145083, -0.10620321892317644, -0.1122804846602879, -0.1151628450170982, -0.11380247061486705, -0.10417959190707818, -0.051557543182000336, -0.025020767219368287, -0.054089588577128866, -0.08589925937251924, -0.09965533879610405, -0.1006341530669883, -0.09397666590494475, -0.08270207377602896, -0.0684193864830774, -0.05259910236874845, -0.034623919615118924, -0.017123816866145582, 0.0008549961524296211, 0.018988677695255262, 0.03644638698113855, 0.053145622726760954, 0.06859195269802223, 0.08259926892584804, 0.09491880248963802, 0.10531582887590835, 0.11350851069209514], [-0.07254799038989986, -0.08501799931826681, -0.09601908495091904, -0.10504989044085096, -0.11194480114048377, -0.11658391955309981, -0.11879049090752092, -0.11851066991137943, -0.11567225576157562, -0.11036863618300027, -0.1025945504639984, -0.09260318507505262, -0.0803804400900136, -0.06635165534976871, -0.05045753324701544, -0.033254905473329884, -0.014670094335842059, 0.005111274991317327, 0.025639901523189436, 0.03630983407263297, -0.0007439579667844762, -0.024515849998187136, -0.011766864189591447, 0.014129521431897307, 0.03983225970694541, 0.06226587379205851, 0.08049853843610695, 0.09562665656629749, 0.10636203251900647, 0.11488181959784899, 0.1192718412830705, 0.12093111656349231, 0.11981804749042044, 0.1160693142904441, 0.10970088903206293, 0.10115242395741099, 0.09037228290686447, 0.07766311181855308, 0.06316482724337444, 0.047286128876671656]]}, null]}, "userkws": {"__class__": "Dict", "f": {"__class__": "NDArray", "__shape__": [40], "__dtype__": "float64", "value": [7093796170.530159, 7093896170.530159, 7093996170.530159, 7094096170.530159, 7094196170.530159, 7094296170.530159, 7094396170.530159, 7094496170.530159, 7094596170.530159, 7094696170.530159, 7094796170.530159, 7094896170.530159, 7094996170.530159, 7095096170.530159, 7095196170.530159, 7095296170.530159, 7095396170.530159, 7095496170.530159, 7095596170.530159, 7095696170.530159, 7095796170.530159, 7095896170.530159, 7095996170.530159, 7096096170.530159, 7096196170.530159, 7096296170.530159, 7096396170.530159, 7096496170.530159, 7096596170.530159, 7096696170.530159, 7096796170.530159, 7096896170.530159, 7096996170.530159, 7097096170.530159, 7097196170.530159, 7097296170.530159, 7097396170.530159, 7097496170.530159, 7097596170.530159, 7097696170.530159]}}, "values": {"__class__": "Dict", "fr": 7095816810.059007, "Ql": 20840.634977609156, "Qe": 27359.959166447512, "A": 0.12110063418683742, "theta": -0.040024551644163076, "phi_v": -9727.712460278904, "phi_0": 2.9329655316861905, "alpha": 23.746772443850368, "Qi": 87239.5377125543, "Qc": 27381.88864867865}, "var_names": {"__class__": "List", "value": ["fr", "Ql", "Qe", "A", "theta", "phi_v", "phi_0", "alpha"]}, "weights": null, "user_options": null}