{"__class__": "lmfit.ModelResult", "__version__": "1", "model": {"__class__": "Tuple", "value": [{"__class__": "Tuple", "value": ["hanger_func_complex_SI", {"__class__": "Callable", "__name__": "hanger_func_complex_SI", "pyversion": "3.9", "value": "gASVVAAAAAAAAACMNXN1cGVyY29uZHVjdGluZ19xdWJpdF90b29scy5mdW5jdGlvbmFscy5waHlzaWNzX2Jhc2VklIwWaGFuZ2VyX2Z1bmNfY29tcGxleF9TSZSTlC4=", "importer": "superconducting_qubit_tools.functionals.physics_based"}, "hanger_func_complex_SI", "", {"__class__": "List", "value": ["f"]}, {"__class__": "List", "value": ["fr", "Ql", "Qe", "A", "theta", "phi_v", "phi_0", "alpha"]}, {"__class__": "Dict", "Ql": {"__class__": "Dict", "min": 1182.719408330997, "value": 21774.793024617255}, "Qe": {"__class__": "Dict", "min": 1182.719408330997, "value": 16087.194738149181}, "Qi": {"__class__": "Dict", "expr": "1./(1./Ql-1./Qe*cos(theta))", "vary": 0}, "Qc": {"__class__": "Dict", "expr": "Qe/cos(theta)", "vary": 0}, "fr": {"__class__": "Dict", "value": 7096316449.985982, "min": 7095996170.530159, "max": 7096596170.530159}, "A": {"__class__": "Dict", "value": 0.04250761512365944, "min": 0.02135925464746262, "max": 0.04271850929492524}, "alpha": {"__class__": "Dict", "value": 75.14594937559663}, "phi_0": {"__class__": "Dict", "value": 1.6740485074327056, "min": 1.045729976714747, "max": 2.3023670381506642}, "phi_v": {"__class__": "Dict", "value": -10945.627050708448}, "theta": {"__class__": "Dict", "value": -0.004074542389250979, "min": -6.283185307179586, "max": 6.283185307179586}}, "raise", {"__class__": "Dict"}]}, null, null]}, "params": [["fr", 7096317186.810509, true, null, 7095996170.530159, 7096596170.530159, null, 4263.312075627637, {"Ql": 0.0009388879861131625, "Qe": -0.022113234684259304, "A": 0.08191556115210204, "theta": -0.8288366793289313, "phi_v": -0.21057432130311127, "phi_0": -0.933582739257454, "alpha": -0.40183965046358894}, 7096316449.985982, null], ["Ql", 15117.56010783122, true, null, 1182.719408330997, Infinity, null, 275.397784681473, {"fr": 0.0009388879861131625, "Qe": 0.8298566352220957, "A": 0.5074064231496807, "theta": -0.024413767097856198, "phi_v": 0.4058623846118161, "phi_0": 0.038620837783395486, "alpha": -0.21579459594268938}, 16087.194738149181, null], ["Qe", 19723.48076314355, true, null, 1182.719408330997, Infinity, null, 282.2508080644428, {"fr": -0.022113234684259304, "Ql": 0.8298566352220957, "A": 0.48008457733498516, "theta": -0.0013696798868046485, "phi_v": 0.5320044641410717, "phi_0": 0.07627306949717996, "alpha": -0.19637412426087475}, 21774.793024617255, null], ["A", 0.04271850925211356, true, null, 0.02135925464746262, 0.04271850929492524, null, 0.041770163480034275, {"fr": 0.08191556115210204, "Ql": 0.5074064231496807, "Qe": 0.48008457733498516, "theta": -0.13601778375805224, "phi_v": 0.22139605831885792, "phi_0": -0.05648167944156656, "alpha": -0.5080849042915652}, 0.04250761512365944, null], ["theta", 0.0003112908483142718, true, null, -6.283185307179586, 6.283185307179586, null, 0.014250153893089337, {"fr": -0.8288366793289313, "Ql": -0.024413767097856198, "Qe": -0.0013696798868046485, "A": -0.13601778375805224, "phi_v": 0.19076752521728113, "phi_0": 0.7980546230578739, "alpha": 0.527528812354169}, -0.004074542389250979, null], ["phi_v", -9798.935114232374, true, null, -Infinity, Infinity, null, 17.991188470968126, {"fr": -0.21057432130311127, "Ql": 0.4058623846118161, "Qe": 0.5320044641410717, "A": 0.22139605831885792, "theta": 0.19076752521728113, "phi_0": 0.3616771733135915, "alpha": -0.0034015160919865176}, -10945.627050708448, null], ["phi_0", 2.2107209513963104, true, null, 1.045729976714747, 2.3023670381506642, null, 0.008127684989919018, {"fr": -0.933582739257454, "Ql": 0.038620837783395486, "Qe": 0.07627306949717996, "A": -0.05648167944156656, "theta": 0.7980546230578739, "phi_v": 0.3616771733135915, "alpha": 0.37996638776269287}, 1.6740485074327056, null], ["alpha", 87.71841767661873, true, null, -Infinity, Infinity, null, 17.705185158469728, {"fr": -0.40183965046358894, "Ql": -0.21579459594268938, "Qe": -0.19637412426087475, "A": -0.5080849042915652, "theta": 0.527528812354169, "phi_v": -0.0034015160919865176, "phi_0": 0.37996638776269287}, 75.14594937559663, null], ["Qi", 64736.42966725326, false, "1./(1./Ql-1./Qe*cos(theta))", -Infinity, Infinity, null, 3043.5348908582673, null, 61587.87835512122, null], ["Qc", 19723.481718765877, false, "Qe/cos(theta)", -Infinity, Infinity, null, 282.25071301924424, null, 21774.97377728875, null]], "unique_symbols": {"False": 0, "little_endian": 1, "phi_0": 2.2107209513963104, "Inf": Infinity, "e": 2.718281828459045, "True": 1, "infty": Infinity, "loggammafcn": {"__class__": "Callable", "__name__": "loggamma", "pyversion": "3.9", "value": "gASVJgAAAAAAAACMFXNjaXB5LnNwZWNpYWwuX3VmdW5jc5SMCGxvZ2dhbW1hlJOULg==", "importer": "scipy.special._ufuncs"}, "fr": 7096317186.810509, "newaxis": null, "wofz": {"__class__": "Callable", "__name__": "wofz", "pyversion": "3.9", "value": "gASVIgAAAAAAAACMFXNjaXB5LnNwZWNpYWwuX3VmdW5jc5SMBHdvZnqUk5Qu", "importer": "scipy.special._ufuncs"}, "None": null, "A": 0.04271850925211356, "nan": NaN, "erf": {"__class__": "Callable", "__name__": "erf", "pyversion": "3.9", "value": "gASVIQAAAAAAAACMFXNjaXB5LnNwZWNpYWwuX3VmdW5jc5SMA2VyZpSTlC4=", "importer": "scipy.special._ufuncs"}, "theta": 0.0003112908483142718, "inf": Infinity, "NAN": NaN, "phi_v": -9798.935114232374, "Ql": 15117.56010783122, "alpha": 87.71841636951245, "gamfcn": {"__class__": "Callable", "__name__": "gamma", "pyversion": "3.9", "value": "gASVIwAAAAAAAACMFXNjaXB5LnNwZWNpYWwuX3VmdW5jc5SMBWdhbW1hlJOULg==", "importer": "scipy.special._ufuncs"}, "erfc": {"__class__": "Callable", "__name__": "erfc", "pyversion": "3.9", "value": "gASVIgAAAAAAAACMFXNjaXB5LnNwZWNpYWwuX3VmdW5jc5SMBGVyZmOUk5Qu", "importer": "scipy.special._ufuncs"}, "betalnfnc": {"__class__": "Callable", "__name__": "betaln", "pyversion": "3.9", "value": "gASVJAAAAAAAAACMFXNjaXB5LnNwZWNpYWwuX3VmdW5jc5SMBmJldGFsbpSTlC4=", "importer": "scipy.special._ufuncs"}, "Qc": 19723.481718765877, "Qi": 64736.42966725326, "Qe": 19723.48076314355, "pi": 3.141592653589793}, "aborted": 0, "aic": -1173.8653103963366, "best_values": {"__class__": "Dict", "fr": 7096317186.810509, "Ql": 15117.56010783122, "Qe": 19723.48076314355, "A": 0.04271850925211356, "theta": 0.0003112908483142718, "phi_v": -9798.935114232374, "phi_0": 2.2107209513963104, "alpha": 87.71841767661873}, "bic": -1154.8090973189455, "chisqr": 2.7777346452179928e-05, "ci_out": null, "col_deriv": 0, "covar": {"__class__": "NDArray", "__shape__": [8, 8], "__dtype__": "float64", "value": [18175829.854192425, 1102.354676015428, -26609.37005577841, 14.587461067900518, -50.354193082805416, -16151.482345183844, -32.34944252261038, -30331.95371359313, 1102.354676015428, 75843.93980746297, 64505.7913073672, 5.836904369832172, -0.09581087228610831, 2010.9399326018513, 0.08644681479366245, -1052.2077105551757, -26609.37005577841, 64505.7913073672, 79665.51865303094, 5.6600350879330685, -0.005509013375503534, 2701.5332905033288, 0.17497390375725783, -981.3409645332148, 14.587461067900518, 5.836904369832172, 5.6600350879330685, 0.001744746557148789, -8.096203649995104e-05, 0.16637800508301248, -1.917523255393488e-05, -0.37575341792453326, -50.354193082805416, -0.09581087228610831, -0.005509013375503534, -8.096203649995104e-05, 0.00020306688597672917, 0.048908444811402114, 9.243129448109712e-05, 0.13309637037373526, -16151.482345183844, 2010.9399326018513, 2701.5332905033288, 0.16637800508301248, 0.048908444811402114, 323.6828625978964, 0.05288686403498125, -1.083509830420974, -32.34944252261038, 0.08644681479366245, 0.17497390375725783, -1.917523255393488e-05, 9.243129448109712e-05, 0.05288686403498125, 6.60592632953549e-05, 0.05467798683555965, -30331.95371359313, -1052.2077105551757, -981.3409645332148, -0.37575341792453326, 0.13309637037373526, -1.083509830420974, 0.05467798683555965, 313.47358149569675]}, "errorbars": 1, "flatchain": null, "ier": 1, "init_values": {"__class__": "Dict", "fr": 7096316449.985982, "Ql": 16087.194738149181, "Qe": 21774.793024617255, "A": 0.04250761512365944, "theta": -0.004074542389250979, "phi_v": -10945.627050708448, "phi_0": 1.6740485074327056, "alpha": 75.14594937559663}, "lmdif_message": "Both actual and predicted relative reductions in the sum of squares\n  are at most 0.000000", "message": "Fit succeeded.", "method": "leastsq", "nan_policy": "raise", "ndata": 80, "nfev": 106, "nfree": 72, "nvarys": 8, "redchi": 3.85796478502499e-07, "residual": {"__class__": "NDArray", "__shape__": [80], "__dtype__": "float64", "value": [-0.0004873482311313973, -0.00021935083560367316, -0.0004715631884877926, -0.00016288823477138628, -0.0003730365021156132, -3.849399485066074e-05, -0.0003321139965300028, 4.0281828465930924e-05, -0.00022890298508752502, 2.863521014488668e-05, -0.0001955539088416402, 0.00010039873131898608, -8.427274161364531e-05, 7.152132975331293e-05, 4.146441110589082e-05, 6.619953774558013e-05, 7.906552824145201e-05, -3.82484027605795e-05, 8.922470546021168e-05, -6.855986174907763e-05, 0.00016729880573822936, -0.00014430465376701063, 0.00015847625028532833, -0.00028641324043581634, 0.00010585198407254623, -0.00034213959799598084, 4.469691188267039e-05, -0.00039229400913827137, -1.857674078574456e-05, -0.0004645575489284903, -9.974027910569783e-05, -0.0005053152663125997, -0.00017499881348820995, -0.0005384482717239172, -0.00029258739338906825, -0.00044806044914979615, -0.0003698721840474928, -0.0004733778407532462, -0.0004666293383813816, -0.00026221965730884034, -0.0003478009011978894, -8.151371307344932e-05, -3.316392011958047e-05, -9.483614115843655e-05, 0.00035936353225613296, -0.0003955608926933356, 0.0005962694087463128, -0.0012359169394843168, -0.0009609940178634548, -0.0017974380200379038, 0.00044721116261370406, -0.00015671974340381555, 0.0017712994391487283, -0.0019156012445138504, 0.0003438389715052573, -0.001057035885191307, 0.00047577359485118445, 0.0003723681756033388, 0.0011179843999606816, 0.0007052803548689458, 0.0014466005825029913, 0.00047219733670281205, 0.0013375112309484552, 7.951938513914986e-05, 0.0010388595966461338, -0.0002043052585943561, 0.0006202411511085238, -0.00032134260249062907, 0.00023579781671850125, -0.00027228391897047427, -8.384168390366403e-05, -0.0001825682145595725, -0.00031800394441599406, 7.491135433500273e-05, -0.0004197906001419949, 0.00037412538179866506, -0.0004644696609016688, 0.0006433391694577774, -0.0003562351216727863, 0.0008744600720054785]}, "rsquared": -27777346451.179924, "scale_covar": 1, "calc_covar": 1, "success": 1, "userargs": {"__class__": "Tuple", "value": [{"__class__": "NDArray", "__shape__": [40], "__dtype__": "complex128", "value": [[0.03298940141060088, 0.02911516126400678, 0.024572485971753627, 0.019585765635495536, 0.014129818408036152, 0.008440566308450631, 0.0024813007602589167, -0.0035679453974184782, -0.009484437794352254, -0.01520700966257786, -0.02070921330901547, -0.025716080315705915, -0.030153486690698266, -0.03394325090118542, -0.03698223623509633, -0.03914812603285677, -0.04035870173481772, -0.040455371284578046, -0.039397563149769485, -0.0369759175012213, -0.033231508405021065, -0.027897410546970425, -0.02063615515130756, -0.01155623368420249, -0.0019791015267197486, -0.004505190761251222, -0.017049165473196293, -0.023399100090738735, -0.023502983119351492, -0.019671929564892988, -0.01367002730749268, -0.006575578578693668, 0.0008143731561240542, 0.008144094015250973, 0.015080621388579324, 0.021462503959681852, 0.027163658063820532, 0.03204885662993863, 0.036119461693179034, 0.03921978291640587], [-0.02513185215788349, -0.029532014504839398, -0.03342272627196431, -0.036610844972253594, -0.03898373369851459, -0.04066047660257389, -0.04141644302017816, -0.0413502436397014, -0.04032915791640587, -0.03853223461305797, -0.03586152461824851, -0.03233331707319399, -0.02815274269987329, -0.02330599741523419, -0.01784653817658081, -0.011923125221837607, -0.005621886938679308, 0.0008132866289654062, 0.007467456484050583, 0.013788412969055324, 0.019750586378789837, 0.025021827567305043, 0.028740321857730063, 0.02926735133779999, 0.023062550927233458, 0.009995038888369412, 0.00838818955712628, 0.015382787215284566, 0.023851669423336747, 0.03114728155914143, 0.03638915508738016, 0.03962356061986672, 0.0410046133275258, 0.04077817909974963, 0.03916431653982963, 0.036459208061244364, 0.032681102072487936, 0.028089503181580516, 0.02288515312519083, 0.017204421080201208]]}, null]}, "userkws": {"__class__": "Dict", "f": {"__class__": "NDArray", "__shape__": [40], "__dtype__": "float64", "value": [7093796170.530159, 7093896170.530159, 7093996170.530159, 7094096170.530159, 7094196170.530159, 7094296170.530159, 7094396170.530159, 7094496170.530159, 7094596170.530159, 7094696170.530159, 7094796170.530159, 7094896170.530159, 7094996170.530159, 7095096170.530159, 7095196170.530159, 7095296170.530159, 7095396170.530159, 7095496170.530159, 7095596170.530159, 7095696170.530159, 7095796170.530159, 7095896170.530159, 7095996170.530159, 7096096170.530159, 7096196170.530159, 7096296170.530159, 7096396170.530159, 7096496170.530159, 7096596170.530159, 7096696170.530159, 7096796170.530159, 7096896170.530159, 7096996170.530159, 7097096170.530159, 7097196170.530159, 7097296170.530159, 7097396170.530159, 7097496170.530159, 7097596170.530159, 7097696170.530159]}}, "values": {"__class__": "Dict", "fr": 7096317186.810509, "Ql": 15117.56010783122, "Qe": 19723.48076314355, "A": 0.04271850925211356, "theta": 0.0003112908483142718, "phi_v": -9798.935114232374, "phi_0": 2.2107209513963104, "alpha": 87.71841767661873, "Qi": 64736.42966725326, "Qc": 19723.481718765877}, "var_names": {"__class__": "List", "value": ["fr", "Ql", "Qe", "A", "theta", "phi_v", "phi_0", "alpha"]}, "weights": null, "user_options": null}