{"__class__": "lmfit.ModelResult", "__version__": "1", "model": {"__class__": "Tuple", "value": [{"__class__": "Tuple", "value": ["hanger_func_complex_SI", {"__class__": "Callable", "__name__": "hanger_func_complex_SI", "pyversion": "3.9", "value": "gASVVAAAAAAAAACMNXN1cGVyY29uZHVjdGluZ19xdWJpdF90b29scy5mdW5jdGlvbmFscy5waHlzaWNzX2Jhc2VklIwWaGFuZ2VyX2Z1bmNfY29tcGxleF9TSZSTlC4=", "importer": "superconducting_qubit_tools.functionals.physics_based"}, "hanger_func_complex_SI", "", {"__class__": "List", "value": ["f"]}, {"__class__": "List", "value": ["fr", "Ql", "Qe", "A", "theta", "phi_v", "phi_0", "alpha"]}, {"__class__": "Dict", "Ql": {"__class__": "Dict", "min": 1182.7329313603823, "value": 17625.75981171229}, "Qe": {"__class__": "Dict", "min": 1182.7329313603823, "value": 14928.537065299231}, "Qi": {"__class__": "Dict", "expr": "1./(1./Ql-1./Qe*cos(theta))", "vary": 0}, "Qc": {"__class__": "Dict", "expr": "Qe/cos(theta)", "vary": 0}, "fr": {"__class__": "Dict", "value": 7096397588.162293, "min": 7096096170.530159, "max": 7096696170.530159}, "A": {"__class__": "Dict", "value": 0.0014011783129964095, "min": 0.0007097043887530786, "max": 0.0014194087775061572}, "alpha": {"__class__": "Dict", "value": 91.89018983123032}, "phi_0": {"__class__": "Dict", "value": 1.5728294574104584, "min": 0.9445109266924998, "max": 2.201147988128417}, "phi_v": {"__class__": "Dict", "value": -10892.28870869073}, "theta": {"__class__": "Dict", "value": -0.03651071389733307, "min": -6.283185307179586, "max": 6.283185307179586}}, "raise", {"__class__": "Dict"}]}, null, null]}, "params": [["fr", 7096409457.729362, true, null, 7096096170.530159, 7096696170.530159, null, 4821.8429048925145, {"Ql": 0.0005978331916580129, "Qe": -0.03706960681781798, "A": -0.11722035712552337, "theta": -0.8290685187476056, "phi_v": -0.22465189892043855, "phi_0": -0.9241964864064163, "alpha": -0.4030588088533446}, 7096397588.162293, null], ["Ql", 14793.739670101462, true, null, 1182.7329313603823, Infinity, null, 298.19676174407573, {"fr": 0.0005978331916580129, "Qe": 0.8299884564166919, "A": -0.5134348600759479, "theta": -0.03874347505911749, "phi_v": 0.4068415594438196, "phi_0": 0.05643149134027011, "alpha": -0.2287963619720974}, 14928.537065299231, null], ["Qe", 17744.97821633578, true, null, 1182.7329313603823, Infinity, null, 278.21948627693297, {"fr": -0.03706960681781798, "Ql": 0.8299884564166919, "A": -0.46230722589404527, "theta": -0.001104434040896965, "phi_v": 0.536724594627083, "phi_0": 0.1131713508558499, "alpha": -0.18433935181957098}, 17625.75981171229, null], ["A", 0.0014002939551574, true, null, 0.0007097043887530786, 0.0014194087775061572, null, 6.001881362161044e-06, {"fr": -0.11722035712552337, "Ql": -0.5134348600759479, "Qe": -0.46230722589404527, "theta": 0.1885739851436411, "phi_v": -0.20544587954811847, "phi_0": 0.07908705330819517, "alpha": 0.5660127705055533}, 0.0014011783129964095, null], ["theta", -0.06443405500852428, true, null, -6.283185307179586, 6.283185307179586, null, 0.015619963316964088, {"fr": -0.8290685187476056, "Ql": -0.03874347505911749, "Qe": -0.001104434040896965, "A": 0.1885739851436411, "phi_v": 0.1797440855686074, "phi_0": 0.782009057001204, "alpha": 0.5326494165783716}, -0.03651071389733307, null], ["phi_v", -9859.438422863397, true, null, -Infinity, Infinity, null, 21.83950537432468, {"fr": -0.22465189892043855, "Ql": 0.4068415594438196, "Qe": 0.536724594627083, "A": -0.20544587954811847, "theta": 0.1797440855686074, "phi_0": 0.40699219954206456, "alpha": -0.0028109346228071957}, -10892.28870869073, null], ["phi_0", 2.060768176386655, true, null, 0.9445109266924998, 2.201147988128417, null, 0.009606428117612965, {"fr": -0.9241964864064163, "Ql": 0.05643149134027011, "Qe": 0.1131713508558499, "A": 0.07908705330819517, "theta": 0.782009057001204, "phi_v": 0.40699219954206456, "alpha": 0.36946311485873523}, 1.5728294574104584, null], ["alpha", 75.11416702845395, true, null, -Infinity, Infinity, null, 21.496462562655083, {"fr": -0.4030588088533446, "Ql": -0.2287963619720974, "Qe": -0.18433935181957098, "A": 0.5660127705055533, "theta": 0.5326494165783716, "phi_v": -0.0028109346228071957, "phi_0": 0.36946311485873523}, 91.89018983123032, null], ["Qi", 88034.89565234883, false, "1./(1./Ql-1./Qe*cos(theta))", -Infinity, Infinity, null, 6185.616087981412, null, 97196.2006072456, null], ["Qc", 17781.878381071303, false, "Qe/cos(theta)", -Infinity, Infinity, null, 279.39320388707114, null, 17637.51419330994, null]], "unique_symbols": {"False": 0, "little_endian": 1, "phi_0": 2.060768176386655, "Inf": Infinity, "e": 2.718281828459045, "True": 1, "infty": Infinity, "loggammafcn": {"__class__": "Callable", "__name__": "loggamma", "pyversion": "3.9", "value": "gASVJgAAAAAAAACMFXNjaXB5LnNwZWNpYWwuX3VmdW5jc5SMCGxvZ2dhbW1hlJOULg==", "importer": "scipy.special._ufuncs"}, "fr": 7096409457.729362, "newaxis": null, "wofz": {"__class__": "Callable", "__name__": "wofz", "pyversion": "3.9", "value": "gASVIgAAAAAAAACMFXNjaXB5LnNwZWNpYWwuX3VmdW5jc5SMBHdvZnqUk5Qu", "importer": "scipy.special._ufuncs"}, "None": null, "A": 0.0014002939551574, "nan": NaN, "erf": {"__class__": "Callable", "__name__": "erf", "pyversion": "3.9", "value": "gASVIQAAAAAAAACMFXNjaXB5LnNwZWNpYWwuX3VmdW5jc5SMA2VyZpSTlC4=", "importer": "scipy.special._ufuncs"}, "theta": -0.06443405500852428, "inf": Infinity, "NAN": NaN, "phi_v": -9859.438422863397, "Ql": 14793.739670101462, "alpha": 75.11416590916564, "gamfcn": {"__class__": "Callable", "__name__": "gamma", "pyversion": "3.9", "value": "gASVIwAAAAAAAACMFXNjaXB5LnNwZWNpYWwuX3VmdW5jc5SMBWdhbW1hlJOULg==", "importer": "scipy.special._ufuncs"}, "erfc": {"__class__": "Callable", "__name__": "erfc", "pyversion": "3.9", "value": "gASVIgAAAAAAAACMFXNjaXB5LnNwZWNpYWwuX3VmdW5jc5SMBGVyZmOUk5Qu", "importer": "scipy.special._ufuncs"}, "betalnfnc": {"__class__": "Callable", "__name__": "betaln", "pyversion": "3.9", "value": "gASVJAAAAAAAAACMFXNjaXB5LnNwZWNpYWwuX3VmdW5jc5SMBmJldGFsbpSTlC4=", "importer": "scipy.special._ufuncs"}, "Qc": 17781.878381071303, "Qi": 88034.89565234883, "Qe": 17744.97821633578, "pi": 3.141592653589793}, "aborted": 0, "aic": -1691.0950264026924, "best_values": {"__class__": "Dict", "fr": 7096409457.729362, "Ql": 14793.739670101462, "Qe": 17744.97821633578, "A": 0.0014002939551574, "theta": -0.06443405500852428, "phi_v": -9859.438422863397, "phi_0": 2.060768176386655, "alpha": 75.11416702845395}, "bic": -1672.0388133253014, "chisqr": 4.323302373761698e-08, "ci_out": null, "col_deriv": 0, "covar": {"__class__": "NDArray", "__shape__": [8, 8], "__dtype__": "float64", "value": [23250168.99946228, 859.599201347838, -49730.013948531945, -0.0033923722639231223, -62.44296133236092, -23657.342044562825, -42.80941641387386, -41778.079580197045, 859.599201347838, 88921.30871465306, 68859.28668178633, -0.0009189157210719261, -0.18046022907127665, 2649.5433614172302, 0.16165397494682826, -1466.6248397538104, -49730.013948531945, 68859.28668178633, 77406.0825442005, -0.0007719792595595206, -0.0047996253448149475, 3261.233082119814, 0.3024725596903957, -1102.4847710822867, -0.0033923722639231223, -0.0009189157210719261, -0.0007719792595595206, 3.602257988545611e-11, 1.7678653970348594e-08, -2.692945970735189e-05, 4.559893909621977e-09, 7.302652503271082e-05, -62.44296133236092, -0.18046022907127665, -0.0047996253448149475, 1.7678653970348594e-08, 0.00024398325402330372, 0.061316508433741264, 0.00011734206587849952, 0.17884980212417237, -23657.342044562825, 2649.5433614172302, 3261.233082119814, -2.692945970735189e-05, 0.061316508433741264, 476.9639949951566, 0.08538681633733251, -1.319655407502707, -42.80941641387386, 0.16165397494682826, 0.3024725596903957, 4.559893909621977e-09, 0.00011734206587849952, 0.08538681633733251, 9.228346117886496e-05, 0.07629569323609835, -41778.079580197045, -1466.6248397538104, -1102.4847710822867, 7.302652503271082e-05, 0.17884980212417237, -1.319655407502707, 0.07629569323609835, 462.0979027076316]}, "errorbars": 1, "flatchain": null, "ier": 1, "init_values": {"__class__": "Dict", "fr": 7096397588.162293, "Ql": 14928.537065299231, "Qe": 17625.75981171229, "A": 0.0014011783129964095, "theta": -0.03651071389733307, "phi_v": -10892.28870869073, "phi_0": 1.5728294574104584, "alpha": 91.89018983123032}, "lmdif_message": "Both actual and predicted relative reductions in the sum of squares\n  are at most 0.000000", "message": "Fit succeeded.", "method": "leastsq", "nan_policy": "raise", "ndata": 80, "nfev": 55, "nfree": 72, "nvarys": 8, "redchi": 6.00458663022458e-10, "residual": {"__class__": "NDArray", "__shape__": [80], "__dtype__": "float64", "value": [1.4737245299611046e-05, -4.6293769047520096e-05, -8.753938232268586e-06, -3.473012270770789e-05, -1.3192218805931793e-05, 1.2085054781493581e-05, 2.2202251676809847e-06, 1.639855559339284e-05, -2.640151527610608e-05, 4.088116154967055e-05, 2.870098204539465e-05, 1.9239463588030482e-05, 1.0711390840679516e-05, -1.8144578271940418e-05, 3.958227261897346e-05, -2.6099780085537963e-05, 1.822965844423699e-05, 9.538836461798171e-06, -1.1657524072609081e-05, -3.251488112390234e-05, 2.0512208845229504e-05, -5.284870686652959e-05, -6.761624835498431e-06, -1.0975801829699733e-05, 8.25695097523985e-06, 4.49754769767368e-06, 2.268407717969604e-05, 1.114197973203974e-05, -3.8700176198456886e-06, 5.320764673483788e-05, -8.334232666467722e-07, -1.5200607693896604e-05, 1.953952119884174e-05, 2.7090422689499192e-05, 3.994874872947506e-05, 1.3633980871311396e-05, -7.449794621004714e-06, 1.1695698501205162e-08, 2.0618312099608552e-05, 1.6616966370708286e-05, 1.3943555017551e-05, 1.7614844969513844e-05, -2.4839606764003974e-05, -1.083460744664077e-05, -1.1273686269634123e-05, -1.4607960531274992e-05, 4.550170980317499e-06, 1.9998657114124203e-06, 6.051251627802172e-07, 9.277767764390285e-07, 3.445021000405558e-05, 2.0074618737498003e-05, -3.100027324766028e-05, 4.659689717935933e-07, -8.241389254674803e-06, -2.1137690601609086e-05, 6.80608700784818e-05, 1.4473319649092441e-07, -9.34891853563249e-06, 7.74820048848792e-06, -2.5084954020131427e-05, 3.7583467310504416e-05, 2.4668710537355287e-05, -2.3034675353310287e-05, 1.1645653723963865e-05, 1.448147835793963e-05, -1.5490786845190731e-06, 1.0449970421968092e-06, -2.4180154219627956e-05, 7.1821573161719166e-06, 9.088361293837382e-06, 2.6987343786947495e-05, 6.062607947890462e-05, 1.0216926906369758e-06, -3.261910073325139e-05, 1.363334997936394e-05, -1.3384794245637757e-05, -9.85222564182616e-06, -2.1165187746792795e-05, 1.4416494731421797e-05]}, "rsquared": -43233022.73761698, "scale_covar": 1, "calc_covar": 1, "success": 1, "userargs": {"__class__": "Tuple", "value": [{"__class__": "NDArray", "__shape__": [40], "__dtype__": "complex128", "value": [[0.0010448690394861385, 0.0009400465405738582, 0.0007969694598803128, 0.000617692359436065, 0.000469305905937042, 0.00022755510398219959, 5.299676355642417e-05, -0.000170408188335827, -0.00034155511972551293, -0.000498070847772655, -0.0007065067710559663, -0.0008414030536303124, -0.0010006679577773876, -0.0011377608500053433, -0.0012088287905127934, -0.001281173251347246, -0.0013394279834055935, -0.0013632581717337874, -0.0012817154415188385, -0.0012346710816324197, -0.0011079172526677764, -0.0008993183503106679, -0.0006886682850474782, -0.00042720977678844044, -0.00012550348785952002, 2.276178983344535e-05, -9.250466813095384e-05, -0.0005439107249175624, -0.0008274336061538227, -0.0006821140574430567, -0.0004664991832559845, -0.00027163298233695663, -5.9875279563079e-06, 0.00025235762081323284, 0.0005051358981894234, 0.0006825089522204752, 0.0008188852851543419, 0.0010747676191530289, 0.00119082398593979, 0.0013049179844933135], [-0.000789148074449652, -0.0009427513491542501, -0.0011122229892449316, -0.0012171920083124694, -0.0013181157114451024, -0.0013469362319476676, -0.001332756635090987, -0.0013199825463902966, -0.0013225453669814058, -0.0012194667978291402, -0.0011110089054676051, -0.0010390428208582685, -0.0009168668969643073, -0.0007644587425004578, -0.0006289604570904061, -0.0003678451411364193, -0.0002061452115519655, 1.8170109363550202e-05, 0.00024437379301264046, 0.0004358015708010195, 0.000630018240775372, 0.0008286741076880803, 0.000957337350104574, 0.0009833348679088299, 0.0008801129391907364, 0.0005475555405013435, 0.00019938059603230338, 0.00023021936160387142, 0.0005537272771510136, 0.0008933443592185208, 0.0011018102186507697, 0.0012995076517273755, 0.001321356627553279, 0.001334413201388465, 0.0012803494109138375, 0.0011736767148761906, 0.0010804460653166222, 0.0009218677246809355, 0.0007776401894349965, 0.0005686764477169332]]}, null]}, "userkws": {"__class__": "Dict", "f": {"__class__": "NDArray", "__shape__": [40], "__dtype__": "float64", "value": [7093796170.530159, 7093896170.530159, 7093996170.530159, 7094096170.530159, 7094196170.530159, 7094296170.530159, 7094396170.530159, 7094496170.530159, 7094596170.530159, 7094696170.530159, 7094796170.530159, 7094896170.530159, 7094996170.530159, 7095096170.530159, 7095196170.530159, 7095296170.530159, 7095396170.530159, 7095496170.530159, 7095596170.530159, 7095696170.530159, 7095796170.530159, 7095896170.530159, 7095996170.530159, 7096096170.530159, 7096196170.530159, 7096296170.530159, 7096396170.530159, 7096496170.530159, 7096596170.530159, 7096696170.530159, 7096796170.530159, 7096896170.530159, 7096996170.530159, 7097096170.530159, 7097196170.530159, 7097296170.530159, 7097396170.530159, 7097496170.530159, 7097596170.530159, 7097696170.530159]}}, "values": {"__class__": "Dict", "fr": 7096409457.729362, "Ql": 14793.739670101462, "Qe": 17744.97821633578, "A": 0.0014002939551574, "theta": -0.06443405500852428, "phi_v": -9859.438422863397, "phi_0": 2.060768176386655, "alpha": 75.11416702845395, "Qi": 88034.89565234883, "Qc": 17781.878381071303}, "var_names": {"__class__": "List", "value": ["fr", "Ql", "Qe", "A", "theta", "phi_v", "phi_0", "alpha"]}, "weights": null, "user_options": null}