{"__class__": "lmfit.ModelResult", "__version__": "1", "model": {"__class__": "Tuple", "value": [{"__class__": "Tuple", "value": ["hanger_func_complex_SI", {"__class__": "Callable", "__name__": "hanger_func_complex_SI", "pyversion": "3.9", "value": "gASVVAAAAAAAAACMNXN1cGVyY29uZHVjdGluZ19xdWJpdF90b29scy5mdW5jdGlvbmFscy5waHlzaWNzX2Jhc2VklIwWaGFuZ2VyX2Z1bmNfY29tcGxleF9TSZSTlC4=", "importer": "superconducting_qubit_tools.functionals.physics_based"}, "hanger_func_complex_SI", "", {"__class__": "List", "value": ["f"]}, {"__class__": "List", "value": ["fr", "Ql", "Qe", "A", "theta", "phi_v", "phi_0", "alpha"]}, {"__class__": "Dict", "Ql": {"__class__": "Dict", "min": 1419.2443453968517, "value": 42438.20953444136}, "Qe": {"__class__": "Dict", "min": 1419.2443453968517, "value": 21850.50132302596}, "Qi": {"__class__": "Dict", "expr": "1./(1./Ql-1./Qe*cos(theta))", "vary": 0}, "Qc": {"__class__": "Dict", "expr": "Qe/cos(theta)", "vary": 0}, "fr": {"__class__": "Dict", "value": 7096221726.984259, "min": 7095996170.530159, "max": 7096496170.530159}, "A": {"__class__": "Dict", "value": 0.04850534878335193, "min": 0.024778093801878707, "max": 0.049556187603757414}, "alpha": {"__class__": "Dict", "value": 30.86430721445524}, "phi_0": {"__class__": "Dict", "value": 1.9618240217296492, "min": 1.3335054910116906, "max": 2.590142552447608}, "phi_v": {"__class__": "Dict", "value": -10532.424289493953}, "theta": {"__class__": "Dict", "value": -0.03555781499687782, "min": -6.283185307179586, "max": 6.283185307179586}}, "raise", {"__class__": "Dict"}]}, null, null]}, "params": [["fr", 7096203466.907801, true, null, 7095996170.530159, 7096496170.530159, null, 13808.25392524394, {"Ql": 0.0014523701615029058, "Qe": 0.0003126125312436484, "A": 0.0016469493030314536, "theta": -0.8206007710002714, "phi_v": -0.2015139735459557, "phi_0": -0.9460192836542453, "alpha": -0.3740461682483849}, 7096221726.984259, null], ["Ql", 17072.45802185188, true, null, 1419.2443453968517, Infinity, null, 1139.1154081996442, {"fr": 0.0014523701615029058, "Qe": 0.8222120583316176, "A": -0.48055985474745616, "theta": -0.0029015213265943477, "phi_v": 0.37996469132518185, "phi_0": 0.007477864202662005, "alpha": -0.2101132974720621}, 21850.50132302596, null], ["Qe", 27673.001334767865, true, null, 1419.2443453968517, Infinity, null, 1467.2429852950802, {"fr": 0.0003126125312436484, "Ql": 0.8222120583316176, "A": -0.4938672029601686, "theta": -0.0017379618591483981, "phi_v": 0.49734383598854404, "phi_0": 0.014674338557162285, "alpha": -0.23220998351363378}, 42438.20953444136, null], ["A", 0.04955618759304538, true, null, 0.024778093801878707, 0.049556187603757414, null, 0.0005521440627971636, {"fr": 0.0016469493030314536, "Ql": -0.48055985474745616, "Qe": -0.4938672029601686, "theta": 0.02286342697057014, "phi_v": -0.23519217415204777, "phi_0": -0.0055638131683525055, "alpha": 0.41499368690491595}, 0.04850534878335193, null], ["theta", 0.13410247363371752, true, null, -6.283185307179586, 6.283185307179586, null, 0.05267037266957831, {"fr": -0.8206007710002714, "Ql": -0.0029015213265943477, "Qe": -0.0017379618591483981, "A": 0.02286342697057014, "phi_v": 0.22314762422766796, "phi_0": 0.8125041875513663, "alpha": 0.4900822654933859}, -0.03555781499687782, null], ["phi_v", -9605.249623372703, true, null, -Infinity, Infinity, null, 50.28934688718041, {"fr": -0.2015139735459557, "Ql": 0.37996469132518185, "Qe": 0.49734383598854404, "A": -0.23519217415204777, "theta": 0.22314762422766796, "phi_0": 0.30489522454900325, "alpha": -0.005688389382645228}, -10532.424289493953, null], ["phi_0", 2.3820023281916654, true, null, 1.3335054910116906, 2.590142552447608, null, 0.024257388402048646, {"fr": -0.9460192836542453, "Ql": 0.007477864202662005, "Qe": 0.014674338557162285, "A": -0.0055638131683525055, "theta": 0.8125041875513663, "phi_v": 0.30489522454900325, "alpha": 0.37084634011380513}, 1.9618240217296492, null], ["alpha", 147.4740822389468, true, null, -Infinity, Infinity, null, 49.20857726291651, {"fr": -0.3740461682483849, "Ql": -0.2101132974720621, "Qe": -0.23220998351363378, "A": 0.41499368690491595, "theta": 0.4900822654933859, "phi_v": -0.005688389382645228, "phi_0": 0.37084634011380513}, 30.86430721445524, null], ["Qi", 43932.849761365316, false, "1./(1./Ql-1./Qe*cos(theta))", -Infinity, Infinity, null, 5012.771110672474, null, 45011.0547760315, null], ["Qc", 27923.70791181995, false, "Qe/cos(theta)", -Infinity, Infinity, null, 1493.430969424634, null, 42465.0522246842, null]], "unique_symbols": {"False": 0, "little_endian": 1, "phi_0": 2.3820023281916654, "Inf": Infinity, "e": 2.718281828459045, "True": 1, "infty": Infinity, "loggammafcn": {"__class__": "Callable", "__name__": "loggamma", "pyversion": "3.9", "value": "gASVJgAAAAAAAACMFXNjaXB5LnNwZWNpYWwuX3VmdW5jc5SMCGxvZ2dhbW1hlJOULg==", "importer": "scipy.special._ufuncs"}, "fr": 7096203466.907801, "newaxis": null, "wofz": {"__class__": "Callable", "__name__": "wofz", "pyversion": "3.9", "value": "gASVIgAAAAAAAACMFXNjaXB5LnNwZWNpYWwuX3VmdW5jc5SMBHdvZnqUk5Qu", "importer": "scipy.special._ufuncs"}, "None": null, "A": 0.04955618759304538, "nan": NaN, "erf": {"__class__": "Callable", "__name__": "erf", "pyversion": "3.9", "value": "gASVIQAAAAAAAACMFXNjaXB5LnNwZWNpYWwuX3VmdW5jc5SMA2VyZpSTlC4=", "importer": "scipy.special._ufuncs"}, "theta": 0.13410247363371752, "inf": Infinity, "NAN": NaN, "phi_v": -9605.249623372703, "Ql": 17072.45802185188, "alpha": 147.47408004141175, "gamfcn": {"__class__": "Callable", "__name__": "gamma", "pyversion": "3.9", "value": "gASVIwAAAAAAAACMFXNjaXB5LnNwZWNpYWwuX3VmdW5jc5SMBWdhbW1hlJOULg==", "importer": "scipy.special._ufuncs"}, "erfc": {"__class__": "Callable", "__name__": "erfc", "pyversion": "3.9", "value": "gASVIgAAAAAAAACMFXNjaXB5LnNwZWNpYWwuX3VmdW5jc5SMBGVyZmOUk5Qu", "importer": "scipy.special._ufuncs"}, "betalnfnc": {"__class__": "Callable", "__name__": "betaln", "pyversion": "3.9", "value": "gASVJAAAAAAAAACMFXNjaXB5LnNwZWNpYWwuX3VmdW5jc5SMBmJldGFsbpSTlC4=", "importer": "scipy.special._ufuncs"}, "Qc": 27923.70791181995, "Qi": 43932.849761365316, "Qe": 27673.001334767865, "pi": 3.141592653589793}, "aborted": 0, "aic": -981.3353115610691, "best_values": {"__class__": "Dict", "fr": 7096203466.907801, "Ql": 17072.45802185188, "Qe": 27673.001334767865, "A": 0.04955618759304538, "theta": 0.13410247363371752, "phi_v": -9605.249623372703, "phi_0": 2.3820023281916654, "alpha": 147.4740822389468}, "bic": -962.2790984836781, "chisqr": 0.00030822985839483664, "ci_out": null, "col_deriv": 0, "covar": {"__class__": "NDArray", "__shape__": [8, 8], "__dtype__": "float64", "value": [190667876.46401468, 22844.613201541215, 6333.549799849364, 0.012556580989663536, -596.8113539958943, -139932.92976100175, -316.87122007534344, -254158.58488529138, 22844.613201541215, 1297583.9131978422, 1374211.5993452796, -0.30225091244541297, -0.17408441187902632, 21766.417894346025, 0.2066280811110393, -11777.743005573859, 6333.549799849364, 1374211.5993452796, 2152801.977897619, -0.4000963916877835, -0.13431010060459755, 36697.35617327528, 0.5222814709190572, -16765.779041872724, 0.012556580989663536, -0.30225091244541297, -0.4000963916877835, 3.048630660821581e-07, 6.64905804965547e-07, -0.006530572704660754, -7.451933774610096e-08, 0.01127547133817602, -596.8113539958943, -0.17408441187902632, -0.13431010060459755, 6.64905804965547e-07, 0.0027741681571522617, 0.5910641980830033, 0.0010380924709973126, 1.2702119289702556, -139932.92976100175, 21766.417894346025, 36697.35617327528, -0.006530572704660754, 0.5910641980830033, 2529.018410339162, 0.37193809273953726, -14.076870693180132, -316.87122007534344, 0.2066280811110393, 0.5222814709190572, -7.451933774610096e-08, 0.0010380924709973126, 0.37193809273953726, 0.0005884208920878441, 0.4426687335437174, -254158.58488529138, -11777.743005573859, -16765.779041872724, 0.01127547133817602, 1.2702119289702556, -14.076870693180132, 0.4426687335437174, 2421.4840762404237]}, "errorbars": 1, "flatchain": null, "ier": 1, "init_values": {"__class__": "Dict", "fr": 7096221726.984259, "Ql": 21850.50132302596, "Qe": 42438.20953444136, "A": 0.04850534878335193, "theta": -0.03555781499687782, "phi_v": -10532.424289493953, "phi_0": 1.9618240217296492, "alpha": 30.86430721445524}, "lmdif_message": "Both actual and predicted relative reductions in the sum of squares\n  are at most 0.000000", "message": "Fit succeeded.", "method": "leastsq", "nan_policy": "raise", "ndata": 80, "nfev": 96, "nfree": 72, "nvarys": 8, "redchi": 4.2809702554838425e-06, "residual": {"__class__": "NDArray", "__shape__": [80], "__dtype__": "float64", "value": [-0.002013725060495658, -0.0011817698545131088, -0.0019147320647975863, -0.0007881066377195406, -0.0017202804322204376, -0.0004353900828656873, -0.0015448704413067796, -0.00021929480583485206, -0.001282661427206483, -8.512837956969888e-06, -0.0009961502575605886, 0.00013842914012285323, -0.0007138374504596285, 0.00019242516848554797, -0.00043353957214795937, 0.0001995180878739608, -0.00016783479864631613, 7.872603376823939e-05, 4.415651552302016e-05, -0.0001024272005049065, 0.00019628122207083348, -0.0003806319564643307, 0.0002691009604009545, -0.000680536691882512, 0.0002334814886975345, -0.000942439669589068, 0.00012561163911443962, -0.0013145252311193463, -9.663361127691672e-05, -0.001598698326711577, -0.00041632697554262743, -0.0018811787149065652, -0.0008176060280962322, -0.0020499259680515844, -0.0013284730073083104, -0.0021446598337507847, -0.0018765951945449028, -0.00196581311569018, -0.0023312285193466467, -0.0015688946103419726, -0.002363139992965481, -0.0010439980892797927, -0.001879768136297262, -0.0007036044560239062, -0.0005700882878540668, -0.001265215960742548, -0.0006730985018217252, -0.005140183792901345, -0.0035497317789479335, -0.00557223434194197, 0.004115043826361218, -0.004247553384036193, 0.0045427185364266195, -0.006651424111583867, 0.0014641500396654003, -0.002893386870058603, 0.001450053931997368, -0.00046048361715535224, 0.002524187768365046, 0.0008719479392088891, 0.00325541920118084, 0.0009215444099178738, 0.003581017766150673, 0.00046070996504361805, 0.0032928606692669907, -0.00011201367941643392, 0.0025351037031196566, -0.0005236806152094237, 0.0016846425311604386, -0.0005782039249684692, 0.000929595487728186, -0.0003744863230017714, 0.0003349469538863545, -3.451724326902772e-05, -9.905451420737232e-05, 0.00042445379745903455, -0.0002720831413152436, 0.0010232411581295175, -0.00028652015140652465, 0.0015931440008177117]}, "rsquared": -308229858393.8366, "scale_covar": 1, "calc_covar": 1, "success": 1, "userargs": {"__class__": "Tuple", "value": [{"__class__": "NDArray", "__shape__": [40], "__dtype__": "complex128", "value": [[0.038297549636758826, 0.03377043243542379, 0.02851573299674448, 0.022737842166604336, 0.016431813682179715, 0.009770393792745469, 0.0028998985271891688, -0.004058355393850001, -0.010964522502919665, -0.017650332482081248, -0.023980363675309896, -0.029807318481982013, -0.03497674050678203, -0.03940251483926555, -0.04292267051439607, -0.04543447287093155, -0.04682912559490641, -0.04693869136331369, -0.045660876685488676, -0.04288168792650068, -0.03855701834525373, -0.03222357526591889, -0.02371250264773907, -0.012625823601898359, -0.007169280752415882, -0.024655733213811367, -0.031985774723680985, -0.028571076408501775, -0.024196530221436856, -0.019075239322216955, -0.012785990585975664, -0.0057591097132427055, 0.0019275890475200037, 0.009931155563973193, 0.017716770099440494, 0.02496119917295127, 0.03148034053740994, 0.03716869496996366, 0.04183440789398357, 0.045502713992179866], [-0.029104299868614892, -0.034267340901891485, -0.038750771959059765, -0.04237469467513434, -0.04519841894197302, -0.04710496782639229, -0.04802140267674494, -0.04796534521031157, -0.04684330370091904, -0.04472639570436538, -0.04159750734449423, -0.037567119350535846, -0.03274489767561905, -0.027046506403711992, -0.02074671555124496, -0.013847935157108731, -0.0065628072331460445, 0.0010331412847879385, 0.00860042766949345, 0.01599939167598542, 0.02297936773183699, 0.029098750231378985, 0.03317185412818301, 0.03354288633613979, 0.02258106530230978, 0.01691210192077965, 0.026595468466143288, 0.032146750281948425, 0.0371822151963048, 0.041146288239554074, 0.044511447654914216, 0.04678115649425989, 0.047756746904292116, 0.04731301505680951, 0.04537407442436721, 0.04214749474984353, 0.03786173977686478, 0.032643425103333394, 0.02658644009335307, 0.019980311555401198]]}, null]}, "userkws": {"__class__": "Dict", "f": {"__class__": "NDArray", "__shape__": [40], "__dtype__": "float64", "value": [7093796170.530159, 7093896170.530159, 7093996170.530159, 7094096170.530159, 7094196170.530159, 7094296170.530159, 7094396170.530159, 7094496170.530159, 7094596170.530159, 7094696170.530159, 7094796170.530159, 7094896170.530159, 7094996170.530159, 7095096170.530159, 7095196170.530159, 7095296170.530159, 7095396170.530159, 7095496170.530159, 7095596170.530159, 7095696170.530159, 7095796170.530159, 7095896170.530159, 7095996170.530159, 7096096170.530159, 7096196170.530159, 7096296170.530159, 7096396170.530159, 7096496170.530159, 7096596170.530159, 7096696170.530159, 7096796170.530159, 7096896170.530159, 7096996170.530159, 7097096170.530159, 7097196170.530159, 7097296170.530159, 7097396170.530159, 7097496170.530159, 7097596170.530159, 7097696170.530159]}}, "values": {"__class__": "Dict", "fr": 7096203466.907801, "Ql": 17072.45802185188, "Qe": 27673.001334767865, "A": 0.04955618759304538, "theta": 0.13410247363371752, "phi_v": -9605.249623372703, "phi_0": 2.3820023281916654, "alpha": 147.4740822389468, "Qi": 43932.849761365316, "Qc": 27923.70791181995}, "var_names": {"__class__": "List", "value": ["fr", "Ql", "Qe", "A", "theta", "phi_v", "phi_0", "alpha"]}, "weights": null, "user_options": null}