{"__class__": "lmfit.ModelResult", "__version__": "1", "model": {"__class__": "Tuple", "value": [{"__class__": "Tuple", "value": ["hanger_func_magnitude", {"__class__": "Callable", "__name__": "hanger_func_magnitude", "pyversion": "3.9", "value": "gASVUwAAAAAAAACMNXN1cGVyY29uZHVjdGluZ19xdWJpdF90b29scy5mdW5jdGlvbmFscy5waHlzaWNzX2Jhc2VklIwVaGFuZ2VyX2Z1bmNfbWFnbml0dWRllJOULg==", "importer": "superconducting_qubit_tools.functionals.physics_based"}, "hanger_func_magnitude", "", {"__class__": "List", "value": ["f"]}, {"__class__": "List", "value": ["fr", "Ql", "Qe", "A", "theta", "alpha"]}, {"__class__": "Dict", "Ql": {"__class__": "Dict", "min": 181.95887616744, "value": 10644.594255795238}, "Qe": {"__class__": "Dict", "min": 0, "value": 13010.05964597196}, "Qi": {"__class__": "Dict", "expr": "1./(1./Ql-1./Qe*cos(theta))", "vary": 0}, "Qc": {"__class__": "Dict", "expr": "Qe/cos(theta)", "vary": 0}, "fr": {"__class__": "Dict", "value": 7096396170.530159, "min": 7093796170.530159, "max": 7097696170.530159}, "A": {"__class__": "Dict", "value": 0.021317186069742068, "min": 0.0063592048046850775, "max": 0.022111886640748365}, "alpha": {"__class__": "Dict", "value": 58.84932340884612}, "theta": {"__class__": "Dict", "value": 0, "min": -6.283185307179586, "max": 6.283185307179586}}, "raise", {"__class__": "Dict"}]}, null, null]}, "params": [["fr", 7096390790.168783, true, null, 7093796170.530159, 7097696170.530159, null, 883.003342748389, {"Ql": 0.017494950914150795, "Qe": 0.16156122666161793, "A": -0.190041556632475, "theta": -0.8915058443123828, "alpha": -0.5348211954966876}, 7096396170.530159, null], ["Ql", 15106.06024913103, true, null, 181.95887616744, Infinity, null, 50.82182756314079, {"fr": 0.017494950914150795, "Qe": 0.6693428177767725, "A": -0.6268655773511024, "theta": -0.096722537334393, "alpha": -0.312424191153052}, 10644.594255795238, null], ["Qe", 17701.381993173185, true, null, 0, Infinity, null, 61.52108327276578, {"fr": 0.16156122666161793, "Ql": 0.6693428177767725, "A": -0.5420440053547355, "theta": -0.1950537440739793, "alpha": -0.3101956305650053}, 13010.05964597196, null], ["A", 0.022091044919065925, true, null, 0.0063592048046850775, 0.022111886640748365, null, 1.330411531096212e-05, {"fr": -0.190041556632475, "Ql": -0.6268655773511024, "Qe": -0.5420440053547355, "theta": 0.27189502424003437, "alpha": 0.6042802820946785}, 0.021317186069742068, null], ["theta", -0.05132211839604928, true, null, -6.283185307179586, 6.283185307179586, null, 0.002649784635874447, {"fr": -0.8915058443123828, "Ql": -0.096722537334393, "Qe": -0.1950537440739793, "A": 0.27189502424003437, "alpha": 0.6464442525493674}, 0, null], ["alpha", 62.18535081902309, true, null, -Infinity, Infinity, null, 3.059822674053661, {"fr": -0.5348211954966876, "Ql": -0.312424191153052, "Qe": -0.3101956305650053, "A": 0.6042802820946785, "theta": 0.6464442525493674}, 58.84932340884612, null], ["Qi", 102247.22426475972, false, "1./(1./Ql-1./Qe*cos(theta))", -Infinity, Infinity, null, 1807.8887134187164, null, 58545.26840687379, null], ["Qc", 17724.719970149334, false, "Qe/cos(theta)", -Infinity, Infinity, null, 62.11785520025644, null, 13010.05964597196, null]], "unique_symbols": {"False": 0, "little_endian": 1, "Inf": Infinity, "e": 2.718281828459045, "True": 1, "infty": Infinity, "loggammafcn": {"__class__": "Callable", "__name__": "loggamma", "pyversion": "3.9", "value": "gASVJgAAAAAAAACMFXNjaXB5LnNwZWNpYWwuX3VmdW5jc5SMCGxvZ2dhbW1hlJOULg==", "importer": "scipy.special._ufuncs"}, "fr": 7096390790.168783, "newaxis": null, "wofz": {"__class__": "Callable", "__name__": "wofz", "pyversion": "3.9", "value": "gASVIgAAAAAAAACMFXNjaXB5LnNwZWNpYWwuX3VmdW5jc5SMBHdvZnqUk5Qu", "importer": "scipy.special._ufuncs"}, "None": null, "A": 0.022091044919065925, "nan": NaN, "erf": {"__class__": "Callable", "__name__": "erf", "pyversion": "3.9", "value": "gASVIQAAAAAAAACMFXNjaXB5LnNwZWNpYWwuX3VmdW5jc5SMA2VyZpSTlC4=", "importer": "scipy.special._ufuncs"}, "theta": -0.05132211839604928, "inf": Infinity, "NAN": NaN, "Ql": 15106.06024913103, "alpha": 62.185349892389155, "gamfcn": {"__class__": "Callable", "__name__": "gamma", "pyversion": "3.9", "value": "gASVIwAAAAAAAACMFXNjaXB5LnNwZWNpYWwuX3VmdW5jc5SMBWdhbW1hlJOULg==", "importer": "scipy.special._ufuncs"}, "erfc": {"__class__": "Callable", "__name__": "erfc", "pyversion": "3.9", "value": "gASVIgAAAAAAAACMFXNjaXB5LnNwZWNpYWwuX3VmdW5jc5SMBGVyZmOUk5Qu", "importer": "scipy.special._ufuncs"}, "betalnfnc": {"__class__": "Callable", "__name__": "betaln", "pyversion": "3.9", "value": "gASVJAAAAAAAAACMFXNjaXB5LnNwZWNpYWwuX3VmdW5jc5SMBmJldGFsbpSTlC4=", "importer": "scipy.special._ufuncs"}, "Qc": 17724.719970149334, "Qi": 102247.22426475972, "Qe": 17701.381993173185, "pi": 3.141592653589793}, "aborted": 0, "aic": -789.6142636961463, "best_values": {"__class__": "Dict", "fr": 7096390790.168783, "Ql": 15106.06024913103, "Qe": 17701.381993173185, "A": 0.022091044919065925, "theta": -0.05132211839604928, "alpha": 62.18535081902309}, "bic": -779.4809869714627, "chisqr": 7.918514346062367e-08, "ci_out": null, "col_deriv": 0, "covar": {"__class__": "NDArray", "__shape__": [6, 6], "__dtype__": "float64", "value": [779694.9033048289, 785.1006814126146, 8776.542567630737, -0.0022325280652525665, -2.0859174624017034, -1444.997902408868, 785.1006814126146, 2582.8581568576174, 2092.776548278202, -0.00042384854933562945, -0.013025324054410696, -48.58376763439545, 8776.542567630737, 2092.776548278202, 3784.843687054581, -0.0004436541212271123, -0.031797197372608575, -58.39234391731771, -0.0022325280652525665, -0.00042384854933562945, -0.0004436541212271123, 1.7699948420737673e-10, 9.585126259108616e-09, 2.459918293577902e-05, -2.0859174624017034, -0.013025324054410696, -0.031797197372608575, 9.585126259108616e-09, 7.021358616516276e-06, 0.005241286679604798, -1444.997902408868, -48.58376763439545, -58.39234391731771, 2.459918293577902e-05, 0.005241286679604798, 9.362514796652897]}, "errorbars": 1, "flatchain": null, "ier": 2, "init_values": {"__class__": "Dict", "fr": 7096396170.530159, "Ql": 10644.594255795238, "Qe": 13010.05964597196, "A": 0.021317186069742068, "theta": 0, "alpha": 58.84932340884612}, "lmdif_message": "The relative error between two consecutive iterates is at most 0.000000", "message": "Fit succeeded.", "method": "leastsq", "nan_policy": "raise", "ndata": 40, "nfev": 50, "nfree": 34, "nvarys": 6, "redchi": 2.328974807665402e-09, "residual": {"__class__": "NDArray", "__shape__": [40], "__dtype__": "float64", "value": [3.747825155600917e-05, -3.840785467839128e-05, -2.23564912946346e-05, -1.9779197763147155e-05, 1.3834518897779674e-05, -1.9729904150250777e-05, -3.3116117537715373e-06, -1.780936316586948e-05, -2.6426802493106222e-05, -3.319310116145502e-05, -2.259147257590438e-05, 1.924905839525981e-05, 2.7967193316949523e-05, 1.7452440561210175e-05, 5.3937357496546684e-05, 3.015997193691472e-05, 1.930392386665855e-05, 5.327446096111202e-05, 3.7526117331317804e-05, 4.1162415778294575e-05, 4.0540091653169796e-05, -4.983131501201318e-05, -2.938367029551789e-05, -4.6608228044323075e-05, -0.00011407474090090013, 0.00011196227579443087, -2.9819714264581448e-05, -8.118245891161266e-06, 8.234606579824583e-05, 5.5043030956779954e-05, -1.3053990469066856e-05, -4.616837489292147e-05, -7.928517571959698e-05, -4.758706925092615e-05, 1.5446947172655101e-06, -5.1715032004490125e-05, -5.710719793109581e-06, 2.1343245830571234e-05, 2.37064894611054e-05, 5.048968790674971e-05]}, "rsquared": 0.9998764502398644, "scale_covar": 1, "calc_covar": 1, "success": 1, "userargs": {"__class__": "Tuple", "value": [{"__class__": "NDArray", "__shape__": [40], "__dtype__": "float64", "value": [0.0213800891327913, 0.021464798981234517, 0.021456386895918098, 0.021460069438743522, 0.021431098305661315, 0.021467395473115228, 0.021451436688558364, 0.02146366468435557, 0.021466704332156555, 0.021463841058156605, 0.021438589119303842, 0.02137579579229546, 0.02133809779675726, 0.021309240568156848, 0.02121967767089875, 0.021171913057391554, 0.021085738633500682, 0.020918541529134478, 0.020747931196129676, 0.02047684767325957, 0.020080459468921286, 0.019555415096526155, 0.018528579083032518, 0.016797422091786793, 0.013675199754046932, 0.007837300237676465, 0.0036098498700713657, 0.010379819240921113, 0.015411201725948502, 0.01820286424247065, 0.019750205027176417, 0.020623808864955392, 0.021168801734951816, 0.021469268670562425, 0.02164790076649078, 0.021864959416247533, 0.021941745202884354, 0.022010160213286403, 0.022084460012317366, 0.022121028850225367]}, null]}, "userkws": {"__class__": "Dict", "f": {"__class__": "NDArray", "__shape__": [40], "__dtype__": "float64", "value": [7093796170.530159, 7093896170.530159, 7093996170.530159, 7094096170.530159, 7094196170.530159, 7094296170.530159, 7094396170.530159, 7094496170.530159, 7094596170.530159, 7094696170.530159, 7094796170.530159, 7094896170.530159, 7094996170.530159, 7095096170.530159, 7095196170.530159, 7095296170.530159, 7095396170.530159, 7095496170.530159, 7095596170.530159, 7095696170.530159, 7095796170.530159, 7095896170.530159, 7095996170.530159, 7096096170.530159, 7096196170.530159, 7096296170.530159, 7096396170.530159, 7096496170.530159, 7096596170.530159, 7096696170.530159, 7096796170.530159, 7096896170.530159, 7096996170.530159, 7097096170.530159, 7097196170.530159, 7097296170.530159, 7097396170.530159, 7097496170.530159, 7097596170.530159, 7097696170.530159]}}, "values": {"__class__": "Dict", "fr": 7096390790.168783, "Ql": 15106.06024913103, "Qe": 17701.381993173185, "A": 0.022091044919065925, "theta": -0.05132211839604928, "alpha": 62.18535081902309, "Qi": 102247.22426475972, "Qc": 17724.719970149334}, "var_names": {"__class__": "List", "value": ["fr", "Ql", "Qe", "A", "theta", "alpha"]}, "weights": null, "user_options": null}