{"__class__": "lmfit.ModelResult", "__version__": "1", "model": {"__class__": "Tuple", "value": [{"__class__": "Tuple", "value": ["hanger_func_complex_SI", {"__class__": "Callable", "__name__": "hanger_func_complex_SI", "pyversion": "3.9", "value": "gASVVAAAAAAAAACMNXN1cGVyY29uZHVjdGluZ19xdWJpdF90b29scy5mdW5jdGlvbmFscy5waHlzaWNzX2Jhc2VklIwWaGFuZ2VyX2Z1bmNfY29tcGxleF9TSZSTlC4=", "importer": "superconducting_qubit_tools.functionals.physics_based"}, "hanger_func_complex_SI", "", {"__class__": "List", "value": ["f"]}, {"__class__": "List", "value": ["fr", "Ql", "Qe", "A", "theta", "phi_v", "phi_0", "alpha"]}, {"__class__": "Dict", "Ql": {"__class__": "Dict", "min": 1419.2748379055186, "value": 18056.67829953749}, "Qe": {"__class__": "Dict", "min": 1419.2748379055186, "value": 15146.0317169289}, "Qi": {"__class__": "Dict", "expr": "1./(1./Ql-1./Qe*cos(theta))", "vary": 0}, "Qc": {"__class__": "Dict", "expr": "Qe/cos(theta)", "vary": 0}, "fr": {"__class__": "Dict", "value": 7096374189.527593, "min": 7096096170.530159, "max": 7096596170.530159}, "A": {"__class__": "Dict", "value": 0.028976692847274475, "min": 0.014487478583670488, "max": 0.028974957167340977}, "alpha": {"__class__": "Dict", "value": 70.04572494956807}, "phi_0": {"__class__": "Dict", "value": 1.6009568325512138, "min": 0.9726383018332552, "max": 2.2292753632691724}, "phi_v": {"__class__": "Dict", "value": -10898.436573119336}, "theta": {"__class__": "Dict", "value": -0.03932746553348121, "min": -6.283185307179586, "max": 6.283185307179586}}, "raise", {"__class__": "Dict"}]}, null, null]}, "params": [["fr", 7096380553.555354, true, null, 7096096170.530159, 7096596170.530159, null, 1435.783042663687, {"Ql": 0.0005391098874396304, "Qe": -0.036116562583842646, "A": -0.11795542826085942, "theta": -0.8254972218293328, "phi_v": -0.21363848598599763, "phi_0": -0.9207462203386926, "alpha": -0.40256845556216486}, 7096374189.527593, null], ["Ql", 15211.49216635919, true, null, 1419.2748379055186, Infinity, null, 93.80214912987707, {"fr": 0.0005391098874396304, "Qe": 0.8261405692780247, "A": -0.5018964759262746, "theta": -0.0375350839192319, "phi_v": 0.40515737144764363, "phi_0": 0.05605627920863058, "alpha": -0.21664289434327463}, 15146.0317169289, null], ["Qe", 17876.74618645552, true, null, 1419.2748379055186, Infinity, null, 85.39087464019497, {"fr": -0.036116562583842646, "Ql": 0.8261405692780247, "A": -0.44624212573430255, "theta": -0.0008928314958935291, "phi_v": 0.5347900305549446, "phi_0": 0.11135463151666133, "alpha": -0.17130710183044348}, 18056.67829953749, null], ["A", 0.028947437677861267, true, null, 0.014487478583670488, 0.028974957167340977, null, 7.633170704736089e-06, {"fr": -0.11795542826085942, "Ql": -0.5018964759262746, "Qe": -0.44624212573430255, "theta": 0.18615409747915562, "phi_v": -0.19852090003865971, "phi_0": 0.08023780418863771, "alpha": 0.5499783488495436}, 0.028974957167340977, null], ["theta", -0.06082188329797589, true, null, -6.283185307179586, 6.283185307179586, null, 0.004764419088462821, {"fr": -0.8254972218293328, "Ql": -0.0375350839192319, "Qe": -0.0008928314958935291, "A": 0.18615409747915562, "phi_v": 0.16802100170293485, "phi_0": 0.7741229421114972, "alpha": 0.531996951568848}, -0.03932746553348121, null], ["phi_v", -9887.16297544941, true, null, -Infinity, Infinity, null, 6.724335531551015, {"fr": -0.21363848598599763, "Ql": 0.40515737144764363, "Qe": 0.5347900305549446, "A": -0.19852090003865971, "theta": 0.16802100170293485, "phi_0": 0.39538280555868865, "alpha": -0.0019276793334189759}, -10898.436573119336, null], ["phi_0", 2.106484043839726, true, null, 0.9726383018332552, 2.2292753632691724, null, 0.0028761430396181077, {"fr": -0.9207462203386926, "Ql": 0.05605627920863058, "Qe": 0.11135463151666133, "A": 0.08023780418863771, "theta": 0.7741229421114972, "phi_v": 0.39538280555868865, "alpha": 0.36748388855259767}, 1.6009568325512138, null], ["alpha", 54.4020857537064, true, null, -Infinity, Infinity, null, 6.65129094611064, {"fr": -0.40256845556216486, "Ql": -0.21664289434327463, "Qe": -0.17130710183044348, "A": 0.5499783488495436, "theta": 0.531996951568848, "phi_v": -0.0019276793334189759, "phi_0": 0.36748388855259767}, 70.04572494956807, null], ["Qi", 100963.0478403534, false, "1./(1./Ql-1./Qe*cos(theta))", -Infinity, Infinity, null, 2425.217462480729, null, 93584.37055414297, null], ["Qc", 17909.862966848123, false, "Qe/cos(theta)", -Infinity, Infinity, null, 85.7113624402324, null, 18070.650980555874, null]], "unique_symbols": {"False": 0, "little_endian": 1, "phi_0": 2.106484043839726, "Inf": Infinity, "e": 2.718281828459045, "True": 1, "infty": Infinity, "loggammafcn": {"__class__": "Callable", "__name__": "loggamma", "pyversion": "3.9", "value": "gASVJgAAAAAAAACMFXNjaXB5LnNwZWNpYWwuX3VmdW5jc5SMCGxvZ2dhbW1hlJOULg==", "importer": "scipy.special._ufuncs"}, "fr": 7096380553.555354, "newaxis": null, "wofz": {"__class__": "Callable", "__name__": "wofz", "pyversion": "3.9", "value": "gASVIgAAAAAAAACMFXNjaXB5LnNwZWNpYWwuX3VmdW5jc5SMBHdvZnqUk5Qu", "importer": "scipy.special._ufuncs"}, "None": null, "A": 0.028947437677861267, "nan": NaN, "erf": {"__class__": "Callable", "__name__": "erf", "pyversion": "3.9", "value": "gASVIQAAAAAAAACMFXNjaXB5LnNwZWNpYWwuX3VmdW5jc5SMA2VyZpSTlC4=", "importer": "scipy.special._ufuncs"}, "theta": -0.06082188329797589, "inf": Infinity, "NAN": NaN, "phi_v": -9887.16297544941, "Ql": 15211.49216635919, "alpha": 54.40208494305215, "gamfcn": {"__class__": "Callable", "__name__": "gamma", "pyversion": "3.9", "value": "gASVIwAAAAAAAACMFXNjaXB5LnNwZWNpYWwuX3VmdW5jc5SMBWdhbW1hlJOULg==", "importer": "scipy.special._ufuncs"}, "erfc": {"__class__": "Callable", "__name__": "erfc", "pyversion": "3.9", "value": "gASVIgAAAAAAAACMFXNjaXB5LnNwZWNpYWwuX3VmdW5jc5SMBGVyZmOUk5Qu", "importer": "scipy.special._ufuncs"}, "betalnfnc": {"__class__": "Callable", "__name__": "betaln", "pyversion": "3.9", "value": "gASVJAAAAAAAAACMFXNjaXB5LnNwZWNpYWwuX3VmdW5jc5SMBmJldGFsbpSTlC4=", "importer": "scipy.special._ufuncs"}, "Qc": 17909.862966848123, "Qi": 100963.0478403534, "Qe": 17876.74618645552, "pi": 3.141592653589793}, "aborted": 0, "aic": -1393.353122053606, "best_values": {"__class__": "Dict", "fr": 7096380553.555354, "Ql": 15211.49216635919, "Qe": 17876.74618645552, "A": 0.028947437677861267, "theta": -0.06082188329797589, "phi_v": -9887.16297544941, "phi_0": 2.106484043839726, "alpha": 54.4020857537064}, "bic": -1374.296908976215, "chisqr": 1.7871517777683492e-06, "ci_out": null, "col_deriv": 0, "covar": {"__class__": "NDArray", "__shape__": [8, 8], "__dtype__": "float64", "value": [2061472.9456005944, 72.60706900068254, -4427.990608672977, -0.0012927416056250493, -5.646955843183441, -2062.6126982619403, -3.802237542070429, -3844.4525654435006, 72.60706900068254, 8798.843181383698, 6617.260020842972, -0.0003593617999772784, -0.0167749075703154, 255.55589851536854, 0.015123333783537701, -135.16466845329165, -4427.990608672977, 6617.260020842972, 7291.601471817491, -0.0002908620110585941, -0.0003632377025538105, 307.074773638253, 0.027348293254594785, -97.29550470293542, -0.0012927416056250493, -0.0003593617999772784, -0.0002908620110585941, 5.826529500764124e-11, 6.769982262485824e-09, -1.018968095337284e-05, 1.761548038159707e-09, 2.7922642320772642e-05, -5.646955843183441, -0.0167749075703154, -0.0003632377025538105, 6.769982262485824e-09, 2.26996892505089e-05, 0.005382981673871779, 1.0607923412801444e-05, 0.016858737371401505, -2062.6126982619403, 255.55589851536854, 307.074773638253, -1.018968095337284e-05, 0.005382981673871779, 45.21668834087947, 0.0076467630971208, -0.08621644523534808, -3.802237542070429, 0.015123333783537701, 0.027348293254594785, 1.761548038159707e-09, 1.0607923412801444e-05, 0.0076467630971208, 8.272198784343688e-06, 0.007029990365458159, -3844.4525654435006, -135.16466845329165, -97.29550470293542, 2.7922642320772642e-05, 0.016858737371401505, -0.08621644523534808, 0.007029990365458159, 44.23967124981338]}, "errorbars": 1, "flatchain": null, "ier": 2, "init_values": {"__class__": "Dict", "fr": 7096374189.527593, "Ql": 15146.0317169289, "Qe": 18056.67829953749, "A": 0.028974957167340977, "theta": -0.03932746553348121, "phi_v": -10898.436573119336, "phi_0": 1.6009568325512138, "alpha": 70.04572494956807}, "lmdif_message": "The relative error between two consecutive iterates is at most 0.000000", "message": "Fit succeeded.", "method": "leastsq", "nan_policy": "raise", "ndata": 80, "nfev": 199, "nfree": 72, "nvarys": 8, "redchi": 2.482155246900485e-08, "residual": {"__class__": "NDArray", "__shape__": [80], "__dtype__": "float64", "value": [2.302393464049049e-05, 1.1392308647099891e-06, -3.164032062055386e-05, -3.401062842569094e-05, 3.3304841599184065e-05, 1.2773544881258814e-05, 4.928494907430539e-06, 3.611813219821236e-05, 5.976774372914821e-05, -4.259115056616872e-05, 5.681407126971287e-05, -3.2768619293771506e-05, 2.5824627018140346e-05, -2.1148715243890504e-05, 5.278532841506735e-05, -2.8867160482684562e-05, 5.7817896642665435e-05, -4.9805230166417164e-05, 3.646607245997614e-05, -1.3020004881663522e-05, 3.705802349853425e-05, -4.7900450448976756e-05, 3.2748570354970696e-05, -4.3290831595894225e-05, 6.682833706333005e-05, -2.528502543950803e-05, 3.2618304959368405e-06, -8.778119179542188e-05, 1.4010425576603536e-06, -5.003808085556581e-05, 7.616767888195958e-06, -5.8551844178586845e-05, -2.926434502267816e-06, -1.5126941467669304e-05, 1.853672863884326e-05, -2.184958773607758e-05, 3.7815757361305685e-05, -2.3064978853444204e-05, 2.892846378111172e-05, -2.355234993654809e-05, 9.970150992091517e-05, 1.5355695494486538e-05, 0.0001909248654455159, -1.9017051503256166e-06, 0.00027135986085599466, -6.535781146461972e-06, 0.00034928740949256507, -0.00019166901274593473, 0.0001256617626650097, -0.00031126529781790035, 9.456209745638765e-05, 0.0002500242242683276, 0.000605576008156531, 0.00013544403314811292, 5.152570795075723e-05, -0.00010281972515332072, 6.293106983766561e-06, 0.00036517443244128006, 0.00018617309225913564, 0.0004844390959433259, 0.0002577345302671452, 0.000266647171116359, 0.00021049106792416037, 0.00010205273761141817, 0.00011970396396624014, 1.9375529942682046e-05, -7.664893702112423e-06, -2.3830481019910393e-05, -9.930579248390581e-05, -4.2491364758284744e-06, -0.00013935697667970606, 6.369968823820987e-05, -0.00011806862213519301, 0.00010572928079654112, -0.00012693954322877052, 0.0002056034134486663, -0.00015007371061269426, 0.00020332010788531515, -9.789711966029166e-05, 0.0002611135470750956]}, "rsquared": -1787151776.7683492, "scale_covar": 1, "calc_covar": 1, "success": 1, "userargs": {"__class__": "Tuple", "value": [{"__class__": "NDArray", "__shape__": [40], "__dtype__": "complex128", "value": [[0.022331180693640842, 0.019742007406036276, 0.016626117477081554, 0.01325587565501725, 0.009521681583853659, 0.005637814043321785, 0.0016528472378595192, -0.0024371560920897943, -0.006467930811000089, -0.0103496688894953, -0.014045701705716448, -0.017445752358634586, -0.020512275669711012, -0.023031758377828077, -0.02508980480915288, -0.02656257800096178, -0.027357569587830515, -0.02745621414818179, -0.026753431624881686, -0.02514261611170692, -0.022632953533849077, -0.019042887886617614, -0.014218173997484889, -0.008213079783295676, -0.0016943068958575037, 0.0010101282579117303, -0.005578244863863276, -0.01387494764155624, -0.016567653370881927, -0.014454413148910753, -0.010103105762148115, -0.004955735110165029, 0.0003184770324140435, 0.005453394604241724, 0.010241407848184843, 0.014579569031566772, 0.018392539363054166, 0.021718555951735774, 0.02449803381520594, 0.026606871693904185], [-0.017076641789051054, -0.02004609248576423, -0.022695525452167045, -0.024863979561362666, -0.026425705932557556, -0.02753355448713056, -0.028073226265285328, -0.028006778331285117, -0.027334671415581494, -0.026133535797909287, -0.02429102182691133, -0.021946510542295128, -0.019113013613672444, -0.01574623120582331, -0.012086628237874783, -0.008057392606749201, -0.00383674213836178, 0.0005854623978115858, 0.005045530199014569, 0.009414414398834422, 0.013471910649063421, 0.017034700111348163, 0.019545762532154527, 0.02026939319783906, 0.01733678334529189, 0.009061871460139839, 0.0023068714076621265, 0.00521406105686294, 0.012594366672741362, 0.019268244591933326, 0.023955863799825203, 0.026638207685790182, 0.027750812032948376, 0.027665103944033948, 0.026580281833933808, 0.024670774160738276, 0.02213708830042822, 0.019004262442465347, 0.015532592415634924, 0.011656263835032972]]}, null]}, "userkws": {"__class__": "Dict", "f": {"__class__": "NDArray", "__shape__": [40], "__dtype__": "float64", "value": [7093796170.530159, 7093896170.530159, 7093996170.530159, 7094096170.530159, 7094196170.530159, 7094296170.530159, 7094396170.530159, 7094496170.530159, 7094596170.530159, 7094696170.530159, 7094796170.530159, 7094896170.530159, 7094996170.530159, 7095096170.530159, 7095196170.530159, 7095296170.530159, 7095396170.530159, 7095496170.530159, 7095596170.530159, 7095696170.530159, 7095796170.530159, 7095896170.530159, 7095996170.530159, 7096096170.530159, 7096196170.530159, 7096296170.530159, 7096396170.530159, 7096496170.530159, 7096596170.530159, 7096696170.530159, 7096796170.530159, 7096896170.530159, 7096996170.530159, 7097096170.530159, 7097196170.530159, 7097296170.530159, 7097396170.530159, 7097496170.530159, 7097596170.530159, 7097696170.530159]}}, "values": {"__class__": "Dict", "fr": 7096380553.555354, "Ql": 15211.49216635919, "Qe": 17876.74618645552, "A": 0.028947437677861267, "theta": -0.06082188329797589, "phi_v": -9887.16297544941, "phi_0": 2.106484043839726, "alpha": 54.4020857537064, "Qi": 100963.0478403534, "Qc": 17909.862966848123}, "var_names": {"__class__": "List", "value": ["fr", "Ql", "Qe", "A", "theta", "phi_v", "phi_0", "alpha"]}, "weights": null, "user_options": null}