{"__class__": "lmfit.ModelResult", "__version__": "1", "model": {"__class__": "Tuple", "value": [{"__class__": "Tuple", "value": ["hanger_func_complex_SI", {"__class__": "Callable", "__name__": "hanger_func_complex_SI", "pyversion": "3.9", "value": "gASVVAAAAAAAAACMNXN1cGVyY29uZHVjdGluZ19xdWJpdF90b29scy5mdW5jdGlvbmFscy5waHlzaWNzX2Jhc2VklIwWaGFuZ2VyX2Z1bmNfY29tcGxleF9TSZSTlC4=", "importer": "superconducting_qubit_tools.functionals.physics_based"}, "hanger_func_complex_SI", "", {"__class__": "List", "value": ["f"]}, {"__class__": "List", "value": ["fr", "Ql", "Qe", "A", "theta", "phi_v", "phi_0", "alpha"]}, {"__class__": "Dict", "Ql": {"__class__": "Dict", "min": 1182.7351391663576, "value": 17735.98571236721}, "Qe": {"__class__": "Dict", "min": 1182.7351391663576, "value": 15044.644875168675}, "Qi": {"__class__": "Dict", "expr": "1./(1./Ql-1./Qe*cos(theta))", "vary": 0}, "Qc": {"__class__": "Dict", "expr": "Qe/cos(theta)", "vary": 0}, "fr": {"__class__": "Dict", "value": 7096410834.998146, "min": 7096096170.530159, "max": 7096696170.530159}, "A": {"__class__": "Dict", "value": 0.008284860633884044, "min": 0.004141868160687322, "max": 0.008283736321374644}, "alpha": {"__class__": "Dict", "value": 48.329100976729976}, "phi_0": {"__class__": "Dict", "value": 1.5399388028780647, "min": 0.9116202721601061, "max": 2.1682573335960234}, "phi_v": {"__class__": "Dict", "value": -10904.481666618967}, "theta": {"__class__": "Dict", "value": -0.07146795979691056, "min": -6.283185307179586, "max": 6.283185307179586}}, "raise", {"__class__": "Dict"}]}, null, null]}, "params": [["fr", 7096410864.44408, true, null, 7096096170.530159, 7096696170.530159, null, 733.8157605380765, {"Ql": 0.0003935911275090855, "Qe": -0.039471975550042886, "A": -0.12408417391667453, "theta": -0.8267253697702552, "phi_v": -0.22292650734537572, "phi_0": -0.9207549332426251, "alpha": -0.4015997601066176}, 7096410834.998146, null], ["Ql", 15046.00745038141, true, null, 1182.7351391663576, Infinity, null, 46.88871612995253, {"fr": 0.0003935911275090855, "Qe": 0.8272936703331215, "A": -0.5068783158875186, "theta": -0.040567404939674596, "phi_v": 0.4039383316928725, "phi_0": 0.058760919417638294, "alpha": -0.2253933395585344}, 15044.644875168675, null], ["Qe", 17649.39671762742, true, null, 1182.7351391663576, Infinity, null, 42.59288165099687, {"fr": -0.039471975550042886, "Ql": 0.8272936703331215, "A": -0.44937075393902315, "theta": -0.0007190191580001675, "phi_v": 0.5341291489091797, "phi_0": 0.11802095417890802, "alpha": -0.17608493331095343}, 17735.98571236721, null], ["A", 0.008282629609667802, true, null, 0.004141868160687322, 0.008283736321374644, null, 4.842281383520781e-07, {"fr": -0.12408417391667453, "Ql": -0.5068783158875186, "Qe": -0.44937075393902315, "theta": 0.19581683197312588, "phi_v": -0.1971514505284605, "phi_0": 0.0842893158712254, "alpha": 0.5693280218999364}, 0.008283736321374644, null], ["theta", -0.07283340205253719, true, null, -6.283185307179586, 6.283185307179586, null, 0.0024078925359152397, {"fr": -0.8267253697702552, "Ql": -0.040567404939674596, "Qe": -0.0007190191580001675, "A": 0.19581683197312588, "phi_v": 0.1733272433352754, "phi_0": 0.7746097505558012, "alpha": 0.5316213924784478}, -0.07146795979691056, null], ["phi_v", -9917.359702916361, true, null, -Infinity, Infinity, null, 3.4190908904523343, {"fr": -0.22292650734537572, "Ql": 0.4039383316928725, "Qe": 0.5341291489091797, "A": -0.1971514505284605, "theta": 0.1733272433352754, "phi_0": 0.4110228767758351, "alpha": -0.0016650931034521389}, -10904.481666618967, null], ["phi_0", 2.0530445385227774, true, null, 0.9116202721601061, 2.1682573335960234, null, 0.0014811537180851554, {"fr": -0.9207549332426251, "Ql": 0.058760919417638294, "Qe": 0.11802095417890802, "A": 0.0842893158712254, "theta": 0.7746097505558012, "phi_v": 0.4110228767758351, "alpha": 0.36542321497168984}, 1.5399388028780647, null], ["alpha", 46.83931120447081, true, null, -Infinity, Infinity, null, 3.3855284693185914, {"fr": -0.4015997601066176, "Ql": -0.2253933395585344, "Qe": -0.17608493331095343, "A": 0.5693280218999364, "theta": 0.5316213924784478, "phi_v": -0.0016650931034521389, "phi_0": 0.36542321497168984}, 48.329100976729976, null], ["Qi", 100463.46242657848, false, "1./(1./Ql-1./Qe*cos(theta))", -Infinity, Infinity, null, 1223.5175594735613, null, 97749.6091041061, null], ["Qc", 17696.31282719248, false, "Qe/cos(theta)", -Infinity, Infinity, null, 42.82134993458306, null, 17781.377083810938, null]], "unique_symbols": {"False": 0, "little_endian": 1, "phi_0": 2.0530445385227774, "Inf": Infinity, "e": 2.718281828459045, "True": 1, "infty": Infinity, "loggammafcn": {"__class__": "Callable", "__name__": "loggamma", "pyversion": "3.9", "value": "gASVJgAAAAAAAACMFXNjaXB5LnNwZWNpYWwuX3VmdW5jc5SMCGxvZ2dhbW1hlJOULg==", "importer": "scipy.special._ufuncs"}, "fr": 7096410864.44408, "newaxis": null, "wofz": {"__class__": "Callable", "__name__": "wofz", "pyversion": "3.9", "value": "gASVIgAAAAAAAACMFXNjaXB5LnNwZWNpYWwuX3VmdW5jc5SMBHdvZnqUk5Qu", "importer": "scipy.special._ufuncs"}, "None": null, "A": 0.008282629609667802, "nan": NaN, "erf": {"__class__": "Callable", "__name__": "erf", "pyversion": "3.9", "value": "gASVIQAAAAAAAACMFXNjaXB5LnNwZWNpYWwuX3VmdW5jc5SMA2VyZpSTlC4=", "importer": "scipy.special._ufuncs"}, "theta": -0.07283340205253719, "inf": Infinity, "NAN": NaN, "phi_v": -9917.359702916361, "Ql": 15046.00745038141, "alpha": 46.839310506510685, "gamfcn": {"__class__": "Callable", "__name__": "gamma", "pyversion": "3.9", "value": "gASVIwAAAAAAAACMFXNjaXB5LnNwZWNpYWwuX3VmdW5jc5SMBWdhbW1hlJOULg==", "importer": "scipy.special._ufuncs"}, "erfc": {"__class__": "Callable", "__name__": "erfc", "pyversion": "3.9", "value": "gASVIgAAAAAAAACMFXNjaXB5LnNwZWNpYWwuX3VmdW5jc5SMBGVyZmOUk5Qu", "importer": "scipy.special._ufuncs"}, "betalnfnc": {"__class__": "Callable", "__name__": "betaln", "pyversion": "3.9", "value": "gASVJAAAAAAAAACMFXNjaXB5LnNwZWNpYWwuX3VmdW5jc5SMBmJldGFsbpSTlC4=", "importer": "scipy.special._ufuncs"}, "Qc": 17696.31282719248, "Qi": 100463.46242657848, "Qe": 17649.39671762742, "pi": 3.141592653589793}, "aborted": 0, "aic": -1702.315346674067, "best_values": {"__class__": "Dict", "fr": 7096410864.44408, "Ql": 15046.00745038141, "Qe": 17649.39671762742, "A": 0.008282629609667802, "theta": -0.07283340205253719, "phi_v": -9917.359702916361, "phi_0": 2.0530445385227774, "alpha": 46.83931120447081}, "bic": -1683.259133596676, "chisqr": 3.757543972609267e-08, "ci_out": null, "col_deriv": 0, "covar": {"__class__": "NDArray", "__shape__": [8, 8], "__dtype__": "float64", "value": [538485.5704140755, 13.542557128323361, -1233.709536397257, -4.40913555874044e-05, -1.4607819725826847, -559.3187686090528, -1.0007629591097285, -997.7160300720711, 13.542557128323361, 2198.5517003152704, 1652.2093155299458, -1.1508588892928481e-05, -0.0045801812975146865, 64.75809353814869, 0.004080910375599153, -35.77963368756863, -1233.709536397257, 1652.2093155299458, 1814.1535673358262, -9.268124311528558e-06, -7.374194464869667e-05, 77.78465838758022, 0.007445541320525848, -25.391344095498336, -4.40913555874044e-05, -1.1508588892928481e-05, -9.268124311528558e-06, 2.344768899719193e-13, 2.2831641842380431e-10, -3.264078878243008e-07, 6.04536718926849e-11, 9.33338224887156e-07, -1.4607819725826847, -0.0045801812975146865, -7.374194464869667e-05, 2.2831641842380431e-10, 5.797946464516323e-06, 0.001426969124263972, 2.7626139026626634e-06, 0.004333771600855899, -559.3187686090528, 64.75809353814869, 77.78465838758022, -3.264078878243008e-07, 0.001426969124263972, 11.690182517174135, 0.0020815017175288704, -0.01927416791122668, -1.0007629591097285, 0.004080910375599153, 0.007445541320525848, 6.04536718926849e-11, 2.7626139026626634e-06, 0.0020815017175288704, 2.19381633659748e-06, 0.0018324103556360697, -997.7160300720711, -35.77963368756863, -25.391344095498336, 9.33338224887156e-07, 0.004333771600855899, -0.01927416791122668, 0.0018324103556360697, 11.461803016566686]}, "errorbars": 1, "flatchain": null, "ier": 2, "init_values": {"__class__": "Dict", "fr": 7096410834.998146, "Ql": 15044.644875168675, "Qe": 17735.98571236721, "A": 0.008283736321374644, "theta": -0.07146795979691056, "phi_v": -10904.481666618967, "phi_0": 1.5399388028780647, "alpha": 48.329100976729976}, "lmdif_message": "The relative error between two consecutive iterates is at most 0.000000", "message": "Fit succeeded.", "method": "leastsq", "nan_policy": "raise", "ndata": 80, "nfev": 163, "nfree": 72, "nvarys": 8, "redchi": 5.218811073068427e-10, "residual": {"__class__": "NDArray", "__shape__": [80], "__dtype__": "float64", "value": [2.8551692073905052e-05, 3.4448812705522094e-06, -1.2293558369382007e-06, 8.662650757452692e-06, -2.0173103589775712e-05, -5.845631869933962e-06, 4.450996169551823e-06, -1.249964014534647e-05, -1.0602275918541234e-05, 7.311138832736576e-05, -1.9626002058232943e-05, -2.4196867582650453e-05, -1.491898837350722e-05, 6.4392058861783424e-06, 2.8232783108725e-07, -5.229692098335931e-06, -1.2803035119659384e-05, -2.261252312377865e-05, 1.9465267864475153e-05, -3.2840338564496876e-05, -1.5501647443624117e-05, -1.558081382760281e-05, 1.0311109519055978e-05, 4.200062371763347e-05, -2.5287694545389656e-05, -1.546642866502579e-05, -1.0475981399440254e-05, -2.5659375693407732e-05, -1.9067887939356806e-05, 6.193758920853068e-06, 4.9896447200029406e-05, 2.263380051302239e-06, 5.4603203615416485e-06, 1.0883009879944028e-05, 3.072683690815564e-06, 8.040012365082358e-06, 1.4129509297832084e-05, -5.286672187643465e-05, -6.144968363502694e-06, 1.0449357907023511e-05, 8.99046151364366e-06, -3.952428304772066e-06, 1.1489839941573703e-05, -4.146547131328882e-05, 1.343633510942667e-05, -2.6800247897359325e-06, -1.9515585377556655e-05, -1.8107619796715532e-05, 2.5773288622709376e-05, 1.057321704435888e-05, -9.247056143938661e-07, -2.316133806171388e-05, 5.2769088868798966e-05, -1.1250297353770705e-05, -6.666558941719521e-06, 2.116230109299919e-05, 3.5903001252141076e-05, 1.83786070066202e-05, -1.8333973363509302e-05, 2.6590669845704025e-05, 5.814463059145101e-06, -1.5318020933284028e-05, 5.391946472690576e-06, -3.398604224868172e-05, -1.0496685700370185e-05, -4.267758396436436e-06, 9.624974843993467e-06, 2.4476305784294425e-05, 1.2121298703288153e-05, 3.0543938549660796e-05, -2.2993532508498032e-05, -5.558127655928488e-07, -4.467739632225444e-06, 1.869672327193747e-06, -2.920035324526296e-05, -2.5358784697550492e-05, 3.572818403434989e-05, 1.5385905037306954e-06, -5.1753961155835346e-06, 1.969128350400723e-06]}, "rsquared": -37575438.72609267, "scale_covar": 1, "calc_covar": 1, "success": 1, "userargs": {"__class__": "Tuple", "value": [{"__class__": "NDArray", "__shape__": [40], "__dtype__": "complex128", "value": [[0.006377756928489099, 0.005646669478199804, 0.0047877791814240345, 0.0037856111959765812, 0.0027428267739374704, 0.0016349517419737723, 0.0004769604957330846, -0.0007041871369496524, -0.0018453449646204808, -0.002995551679095934, -0.004017771934729175, -0.005016091991996675, -0.005845225160390968, -0.006594976368332468, -0.0071707374859741385, -0.007653900787547327, -0.007834971433042256, -0.007851409121962015, -0.007656293711548151, -0.007184823875259526, -0.006480178989546439, -0.005465972438228963, -0.004125843937011479, -0.0024306140894067548, -0.0006813867640716598, 0.0004559361355795066, -0.0007136803549210734, -0.003314007481890419, -0.004612755816915761, -0.004116972401017494, -0.002913131139892221, -0.0014313299927294534, 0.00010171891935988658, 0.0015451686991443262, 0.002909899705552332, 0.004190499160833689, 0.005277527421989497, 0.006253483327354054, 0.006973806227482292, 0.007624931063370176], [-0.0048981105877122, -0.0057657619787532055, -0.006497542313732749, -0.007105052208166677, -0.007659192031688906, -0.007874010437339705, -0.008052570680321048, -0.008019958645178158, -0.007811348352772349, -0.007441494746504031, -0.006935919168581307, -0.006315897872171924, -0.005437663217608849, -0.004478184717250094, -0.00344981031692721, -0.0022951496759739828, -0.0010859086968925537, 0.00017525021134205663, 0.0015039534203063953, 0.0026803280858802517, 0.0038569848787860296, 0.00490690048508488, 0.0056101412938522836, 0.00587678990739115, 0.005217288137938141, 0.0033411658305218003, 0.001057999738088514, 0.0010931915298111564, 0.003232362420138465, 0.005334330787528242, 0.0067984953089696805, 0.007619123152307492, 0.007922373717158494, 0.007869350297310085, 0.00755646721001771, 0.0070505301322247495, 0.006320904782532366, 0.005464394946300989, 0.004427580281356865, 0.0033198059111848133]]}, null]}, "userkws": {"__class__": "Dict", "f": {"__class__": "NDArray", "__shape__": [40], "__dtype__": "float64", "value": [7093796170.530159, 7093896170.530159, 7093996170.530159, 7094096170.530159, 7094196170.530159, 7094296170.530159, 7094396170.530159, 7094496170.530159, 7094596170.530159, 7094696170.530159, 7094796170.530159, 7094896170.530159, 7094996170.530159, 7095096170.530159, 7095196170.530159, 7095296170.530159, 7095396170.530159, 7095496170.530159, 7095596170.530159, 7095696170.530159, 7095796170.530159, 7095896170.530159, 7095996170.530159, 7096096170.530159, 7096196170.530159, 7096296170.530159, 7096396170.530159, 7096496170.530159, 7096596170.530159, 7096696170.530159, 7096796170.530159, 7096896170.530159, 7096996170.530159, 7097096170.530159, 7097196170.530159, 7097296170.530159, 7097396170.530159, 7097496170.530159, 7097596170.530159, 7097696170.530159]}}, "values": {"__class__": "Dict", "fr": 7096410864.44408, "Ql": 15046.00745038141, "Qe": 17649.39671762742, "A": 0.008282629609667802, "theta": -0.07283340205253719, "phi_v": -9917.359702916361, "phi_0": 2.0530445385227774, "alpha": 46.83931120447081, "Qi": 100463.46242657848, "Qc": 17696.31282719248}, "var_names": {"__class__": "List", "value": ["fr", "Ql", "Qe", "A", "theta", "phi_v", "phi_0", "alpha"]}, "weights": null, "user_options": null}