{"__class__": "lmfit.ModelResult", "__version__": "1", "model": {"__class__": "Tuple", "value": [{"__class__": "Tuple", "value": ["hanger_func_complex_SI", {"__class__": "Callable", "__name__": "hanger_func_complex_SI", "pyversion": "3.9", "value": "gASVVAAAAAAAAACMNXN1cGVyY29uZHVjdGluZ19xdWJpdF90b29scy5mdW5jdGlvbmFscy5waHlzaWNzX2Jhc2VklIwWaGFuZ2VyX2Z1bmNfY29tcGxleF9TSZSTlC4=", "importer": "superconducting_qubit_tools.functionals.physics_based"}, "hanger_func_complex_SI", "", {"__class__": "List", "value": ["f"]}, {"__class__": "List", "value": ["fr", "Ql", "Qe", "A", "theta", "phi_v", "phi_0", "alpha"]}, {"__class__": "Dict", "Ql": {"__class__": "Dict", "min": 1419.2711416786174, "value": 18153.283646946933}, "Qe": {"__class__": "Dict", "min": 1419.2711416786174, "value": 15352.810420554431}, "Qi": {"__class__": "Dict", "expr": "1./(1./Ql-1./Qe*cos(theta))", "vary": 0}, "Qc": {"__class__": "Dict", "expr": "Qe/cos(theta)", "vary": 0}, "fr": {"__class__": "Dict", "value": 7096355708.393087, "min": 7096096170.530159, "max": 7096596170.530159}, "A": {"__class__": "Dict", "value": 0.03583838286580745, "min": 0.01791188276452455, "max": 0.0358237655290491}, "alpha": {"__class__": "Dict", "value": 78.1500960379449}, "phi_0": {"__class__": "Dict", "value": 1.632099870869193, "min": 1.0037813401512343, "max": 2.2604184015871516}, "phi_v": {"__class__": "Dict", "value": -10891.853933611661}, "theta": {"__class__": "Dict", "value": -0.02161982736221102, "min": -6.283185307179586, "max": 6.283185307179586}}, "raise", {"__class__": "Dict"}]}, null, null]}, "params": [["fr", 7096363946.574258, true, null, 7096096170.530159, 7096596170.530159, null, 2284.02573650236, {"Ql": 0.0004389891057935754, "Qe": -0.03407188010032643, "A": 0.1136762571155073, "theta": -0.8231644777027753, "phi_v": -0.21039168672746658, "phi_0": -0.91835681484925, "alpha": -0.39916376329342634}, 7096355708.393087, null], ["Ql", 15555.511205773912, true, null, 1419.2711416786174, Infinity, null, 155.9766602378172, {"fr": 0.0004389891057935754, "Qe": 0.8236551492964898, "A": 0.49497546724030317, "theta": -0.03519461811271997, "phi_v": 0.4011309656765574, "phi_0": 0.05393528074270838, "alpha": -0.2126671392872434}, 15352.810420554431, null], ["Qe", 18160.56426558403, true, null, 1419.2711416786174, Infinity, null, 140.68716704485425, {"fr": -0.03407188010032643, "Ql": 0.8236551492964898, "A": 0.43871673048827103, "theta": -0.000689392044617938, "phi_v": 0.5297686829617045, "phi_0": 0.10643012278811646, "alpha": -0.16940052458731727}, 18153.283646946933, null], ["A", 0.03547398175036352, true, null, 0.01791188276452455, 0.0358237655290491, null, 0.0002434941678569286, {"fr": 0.1136762571155073, "Ql": 0.49497546724030317, "Qe": 0.43871673048827103, "theta": -0.17801698458767357, "phi_v": 0.19398041612292685, "phi_0": -0.07751274625255393, "alpha": -0.5409590463637324}, 0.0358237655290491, null], ["theta", -0.04983623428396999, true, null, -6.283185307179586, 6.283185307179586, null, 0.007731877710857268, {"fr": -0.8231644777027753, "Ql": -0.03519461811271997, "Qe": -0.000689392044617938, "A": -0.17801698458767357, "phi_v": 0.16693592064630064, "phi_0": 0.7699402330227675, "alpha": 0.5276299407152905}, -0.02161982736221102, null], ["phi_v", -9865.047832839595, true, null, -Infinity, Infinity, null, 10.886403726024968, {"fr": -0.21039168672746658, "Ql": 0.4011309656765574, "Qe": 0.5297686829617045, "A": 0.19398041612292685, "theta": 0.16693592064630064, "phi_0": 0.39128769613639935, "alpha": -0.0014396007566198695}, -10891.853933611661, null], ["phi_0", 2.1357850185000564, true, null, 1.0037813401512343, 2.2604184015871516, null, 0.0045764277099914815, {"fr": -0.91835681484925, "Ql": 0.05393528074270838, "Qe": 0.10643012278811646, "A": -0.07751274625255393, "theta": 0.7699402330227675, "phi_v": 0.39128769613639935, "alpha": 0.3637451335624839}, 1.632099870869193, null], ["alpha", 42.36461756439483, true, null, -Infinity, Infinity, null, 10.796686116859831, {"fr": -0.39916376329342634, "Ql": -0.2126671392872434, "Qe": -0.16940052458731727, "A": -0.5409590463637324, "theta": 0.5276299407152905, "phi_v": -0.0014396007566198695, "phi_0": 0.3637451335624839}, 78.1500960379449, null], ["Qi", 107643.83857986012, false, "1./(1./Ql-1./Qe*cos(theta))", -Infinity, Infinity, null, 4398.946104499699, null, 99392.95386275022, null], ["Qc", 18183.139872434323, false, "Qe/cos(theta)", -Infinity, Infinity, null, 141.04131485206537, null, 18157.52704947843, null]], "unique_symbols": {"False": 0, "little_endian": 1, "phi_0": 2.1357850185000564, "Inf": Infinity, "e": 2.718281828459045, "True": 1, "infty": Infinity, "loggammafcn": {"__class__": "Callable", "__name__": "loggamma", "pyversion": "3.9", "value": "gASVJgAAAAAAAACMFXNjaXB5LnNwZWNpYWwuX3VmdW5jc5SMCGxvZ2dhbW1hlJOULg==", "importer": "scipy.special._ufuncs"}, "fr": 7096363946.574258, "newaxis": null, "wofz": {"__class__": "Callable", "__name__": "wofz", "pyversion": "3.9", "value": "gASVIgAAAAAAAACMFXNjaXB5LnNwZWNpYWwuX3VmdW5jc5SMBHdvZnqUk5Qu", "importer": "scipy.special._ufuncs"}, "None": null, "A": 0.03547398175036352, "nan": NaN, "erf": {"__class__": "Callable", "__name__": "erf", "pyversion": "3.9", "value": "gASVIQAAAAAAAACMFXNjaXB5LnNwZWNpYWwuX3VmdW5jc5SMA2VyZpSTlC4=", "importer": "scipy.special._ufuncs"}, "theta": -0.04983623428396999, "inf": Infinity, "NAN": NaN, "phi_v": -9865.047832839595, "Ql": 15555.511205773912, "alpha": 42.36461693311283, "gamfcn": {"__class__": "Callable", "__name__": "gamma", "pyversion": "3.9", "value": "gASVIwAAAAAAAACMFXNjaXB5LnNwZWNpYWwuX3VmdW5jc5SMBWdhbW1hlJOULg==", "importer": "scipy.special._ufuncs"}, "erfc": {"__class__": "Callable", "__name__": "erfc", "pyversion": "3.9", "value": "gASVIgAAAAAAAACMFXNjaXB5LnNwZWNpYWwuX3VmdW5jc5SMBGVyZmOUk5Qu", "importer": "scipy.special._ufuncs"}, "betalnfnc": {"__class__": "Callable", "__name__": "betaln", "pyversion": "3.9", "value": "gASVJAAAAAAAAACMFXNjaXB5LnNwZWNpYWwuX3VmdW5jc5SMBmJldGFsbpSTlC4=", "importer": "scipy.special._ufuncs"}, "Qc": 18183.139872434323, "Qi": 107643.83857986012, "Qe": 18160.56426558403, "pi": 3.141592653589793}, "aborted": 0, "aic": -1282.6097524708716, "best_values": {"__class__": "Dict", "fr": 7096363946.574258, "Ql": 15555.511205773912, "Qe": 18160.56426558403, "A": 0.03547398175036352, "theta": -0.04983623428396999, "phi_v": -9865.047832839595, "phi_0": 2.1357850185000564, "alpha": 42.36461756439483}, "bic": -1263.5535393934806, "chisqr": 7.1343081941411075e-06, "ci_out": null, "col_deriv": 0, "covar": {"__class__": "NDArray", "__shape__": [8, 8], "__dtype__": "float64", "value": [5216773.565005147, 156.3919349432311, -10948.423207294267, 0.06322070323584975, -14.536926367779731, -5231.352742959053, -9.59928869081653, -9843.342062885244, 156.3919349432311, 24328.71853894347, 18074.218135739222, 0.01879887476973898, -0.04244444417178225, 681.1303659487568, 0.038499861505771046, -358.138064203638, -10948.423207294267, 18074.218135739222, 19792.878971106722, 0.01502890172578511, -0.000749904100787561, 811.3816888212833, 0.06852446512449743, -257.31180486777055, 0.06322070323584975, 0.01879887476973898, 0.01502890172578511, 5.9289409780338126e-08, -3.351467253183726e-07, 0.0005141985958795318, -8.637504649330904e-08, -0.0014221435207385905, -14.536926367779731, -0.04244444417178225, -0.000749904100787561, -3.351467253183726e-07, 5.978193293565142e-05, 0.014051387458252608, 2.7243857325400826e-05, 0.04404583870570029, -5231.352742959053, 681.1303659487568, 811.3816888212833, 0.0005141985958795318, 0.014051387458252608, 118.51378608601028, 0.01949428157559502, -0.16920647501598368, -9.59928869081653, 0.038499861505771046, 0.06852446512449743, -8.637504649330904e-08, 2.7243857325400826e-05, 0.01949428157559502, 2.0943690584777872e-05, 0.017972739266453333, -9843.342062885244, -358.138064203638, -257.31180486777055, -0.0014221435207385905, 0.04404583870570029, -0.16920647501598368, 0.017972739266453333, 116.56843110599381]}, "errorbars": 1, "flatchain": null, "ier": 2, "init_values": {"__class__": "Dict", "fr": 7096355708.393087, "Ql": 15352.810420554431, "Qe": 18153.283646946933, "A": 0.0358237655290491, "theta": -0.02161982736221102, "phi_v": -10891.853933611661, "phi_0": 1.632099870869193, "alpha": 78.1500960379449}, "lmdif_message": "The relative error between two consecutive iterates is at most 0.000000", "message": "Fit succeeded.", "method": "leastsq", "nan_policy": "raise", "ndata": 80, "nfev": 61, "nfree": 72, "nvarys": 8, "redchi": 9.908761380751539e-08, "residual": {"__class__": "NDArray", "__shape__": [80], "__dtype__": "float64", "value": [-0.00012552037281936268, -2.6761358693158654e-06, -0.00012645430013550132, 4.341246874358523e-05, -8.059841671322066e-05, 0.00010049725597180079, -8.220655506735106e-05, 0.00012403388125065834, -1.705053353471056e-05, 0.0001245436375105144, -2.239467767668757e-05, 0.00014735606313422828, 8.16259213181807e-05, 0.00016818442709339715, 8.44229478148494e-05, 0.00018055238029412307, 0.00010352963880180463, 9.961879875423213e-05, 0.00015464847370472677, 6.333417171865835e-05, 0.0001773440203521326, 7.547354431373943e-05, 0.00018726447511280275, 3.541588082473304e-05, 0.00021678925849866193, -3.1609816046791056e-05, 0.00027313167207959274, -7.412620901843525e-05, 0.00021349570537598436, -6.015151845604853e-05, 0.00021470042930502725, -0.00010475742712173428, 0.0002027874922419584, -9.991204497461926e-05, 0.0001746004329978082, -0.00012657054204714784, 0.00016353157327306939, -0.000142450349529674, 0.00025614868567762697, -7.894623425968791e-05, 0.0002708140747307644, -4.629498630485951e-05, 0.0004116292353032215, -5.698992455355559e-05, 0.0006144388012332136, -0.00021231905814432864, 0.0006252769592303975, -0.0005047679602334862, 0.00021111954122273856, -0.0005600811298387097, 0.0003851375686354174, 0.0004957426595344153, 0.0008745112793085343, -9.196792393646649e-05, -6.59214170061137e-05, 4.1853901745481786e-05, 2.3364298726614302e-05, 0.0006172227254284506, 0.0003967055090545214, 0.000425759888371173, 0.0005564184680461968, 0.00018695440130513108, 0.0003970626808413331, -0.0001514099276832756, 0.00020953577483305227, -0.000309245101958143, -4.89936102439463e-05, -0.0003955334622238113, -0.0002901199699101662, -0.0003533168525825525, -0.0003904071068245134, -0.00021731690904740544, -0.0005506647953568214, -0.00012778749104229783, -0.0005903617438210058, 3.1784296030304415e-05, -0.0006028450624008912, 0.0002144239123472863, -0.0006133548579562789, 0.0003479880466911497]}, "rsquared": -7134308193.141107, "scale_covar": 1, "calc_covar": 1, "success": 1, "userargs": {"__class__": "Tuple", "value": [{"__class__": "NDArray", "__shape__": [40], "__dtype__": "complex128", "value": [[0.027647386932000338, 0.02439047323207361, 0.02058873641065813, 0.01640932382230475, 0.011820000734687964, 0.007047697707391908, 0.002008339423928302, -0.0029872055761861983, -0.007953371168172935, -0.012801600498633669, -0.01736762610632556, -0.02156513539488046, -0.025327629562698465, -0.02856738782173608, -0.031050973807420158, -0.032868461933145306, -0.03386154417812272, -0.033941964779822614, -0.03305168404553539, -0.031170516721784166, -0.027982184532623963, -0.02351798154740551, -0.017531540953128817, -0.009821339989733452, -0.0015684918215872297, 0.0006700893862397713, -0.008758543132862118, -0.018213318735783315, -0.020616868280467607, -0.017723072791833328, -0.012377516842959969, -0.006018297069644602, 0.0004357783136335196, 0.006745563725116026, 0.012668643386758823, 0.01797821030013434, 0.022795096482657547, 0.02687289695572026, 0.0302504929326835, 0.0329097823463071], [-0.021072242427466265, -0.024806040053374598, -0.028056562146968125, -0.030711510103390634, -0.03272398691778365, -0.03409337740824988, -0.03476184881123672, -0.034702474514915115, -0.033823518470723166, -0.03226981152868527, -0.030065772044932375, -0.027144960911261146, -0.02357993088923958, -0.019482126449338964, -0.014955665338662523, -0.00996955863382388, -0.004728332072278018, 0.0007380488572262689, 0.006256569732382753, 0.011595308826560187, 0.01663911584836422, 0.02104456001732718, 0.024267547831048484, 0.025030030668451546, 0.02071996229476444, 0.009395064196938356, 0.002410905428962353, 0.007096897171833016, 0.01629634419987711, 0.02443263221520823, 0.029820409166329536, 0.03304353139455224, 0.03435816461351597, 0.03424234230924829, 0.03288904762733955, 0.030514877431149248, 0.027405723970578135, 0.023572372309801692, 0.019180428449503087, 0.014416979843311096]]}, null]}, "userkws": {"__class__": "Dict", "f": {"__class__": "NDArray", "__shape__": [40], "__dtype__": "float64", "value": [7093796170.530159, 7093896170.530159, 7093996170.530159, 7094096170.530159, 7094196170.530159, 7094296170.530159, 7094396170.530159, 7094496170.530159, 7094596170.530159, 7094696170.530159, 7094796170.530159, 7094896170.530159, 7094996170.530159, 7095096170.530159, 7095196170.530159, 7095296170.530159, 7095396170.530159, 7095496170.530159, 7095596170.530159, 7095696170.530159, 7095796170.530159, 7095896170.530159, 7095996170.530159, 7096096170.530159, 7096196170.530159, 7096296170.530159, 7096396170.530159, 7096496170.530159, 7096596170.530159, 7096696170.530159, 7096796170.530159, 7096896170.530159, 7096996170.530159, 7097096170.530159, 7097196170.530159, 7097296170.530159, 7097396170.530159, 7097496170.530159, 7097596170.530159, 7097696170.530159]}}, "values": {"__class__": "Dict", "fr": 7096363946.574258, "Ql": 15555.511205773912, "Qe": 18160.56426558403, "A": 0.03547398175036352, "theta": -0.04983623428396999, "phi_v": -9865.047832839595, "phi_0": 2.1357850185000564, "alpha": 42.36461756439483, "Qi": 107643.83857986012, "Qc": 18183.139872434323}, "var_names": {"__class__": "List", "value": ["fr", "Ql", "Qe", "A", "theta", "phi_v", "phi_0", "alpha"]}, "weights": null, "user_options": null}