{"__class__": "lmfit.ModelResult", "__version__": "1", "model": {"__class__": "Tuple", "value": [{"__class__": "Tuple", "value": ["hanger_func_complex_SI", {"__class__": "Callable", "__name__": "hanger_func_complex_SI", "pyversion": "3.9", "value": "gASVVAAAAAAAAACMNXN1cGVyY29uZHVjdGluZ19xdWJpdF90b29scy5mdW5jdGlvbmFscy5waHlzaWNzX2Jhc2VklIwWaGFuZ2VyX2Z1bmNfY29tcGxleF9TSZSTlC4=", "importer": "superconducting_qubit_tools.functionals.physics_based"}, "hanger_func_complex_SI", "", {"__class__": "List", "value": ["f"]}, {"__class__": "List", "value": ["fr", "Ql", "Qe", "A", "theta", "phi_v", "phi_0", "alpha"]}, {"__class__": "Dict", "Ql": {"__class__": "Dict", "min": 1419.161051985123, "value": 31260.5927605355}, "Qe": {"__class__": "Dict", "min": 1419.161051985123, "value": 23690.82927652209}, "Qi": {"__class__": "Dict", "expr": "1./(1./Ql-1./Qe*cos(theta))", "vary": 0}, "Qc": {"__class__": "Dict", "expr": "Qe/cos(theta)", "vary": 0}, "fr": {"__class__": "Dict", "value": 7095805259.925615, "min": 7095596170.530159, "max": 7096096170.530159}, "A": {"__class__": "Dict", "value": 0.11463747639460968, "min": 0.05819215040979117, "max": 0.11638430081958234}, "alpha": {"__class__": "Dict", "value": 126.7955117302823}, "phi_0": {"__class__": "Dict", "value": 2.6278243235793797, "min": 1.999505792861421, "max": 3.2561428542973383}, "phi_v": {"__class__": "Dict", "value": -10352.178607288912}, "theta": {"__class__": "Dict", "value": 0.16238875619610393, "min": -6.283185307179586, "max": 6.283185307179586}}, "raise", {"__class__": "Dict"}]}, null, null]}, "params": [["fr", 7095841236.105162, true, null, 7095596170.530159, 7096096170.530159, null, 7667.869858463736, {"Ql": 0.0005208310806150439, "Qe": -0.005999721835938212, "A": -0.03640133457750498, "theta": -0.7990752916217196, "phi_v": -0.008350591636494835, "phi_0": -0.9244686227167311, "alpha": -0.3847333633021306}, 7095805259.925615, null], ["Ql", 21222.17159768288, true, null, 1419.161051985123, Infinity, null, 973.4355162732495, {"fr": 0.0005208310806150439, "Qe": 0.7990911978874277, "A": -0.3954900123611459, "theta": -0.0072097054853364215, "phi_v": 0.3847973625994545, "phi_0": 0.015578733474049766, "alpha": -0.009605744519112292}, 23690.82927652209, null], ["Qe", 30267.33686659754, true, null, 1419.161051985123, Infinity, null, 1074.6823796612687, {"fr": -0.005999721835938212, "Ql": 0.7990911978874277, "A": -0.3813352213008161, "theta": -0.0006891346892078364, "phi_v": 0.5101243721963916, "phi_0": 0.02721878868724196, "alpha": 0.0011126456277842282}, 31260.5927605355, null], ["A", 0.11506371004915686, true, null, 0.05819215040979117, 0.11638430081958234, null, 0.000656989718109609, {"fr": -0.03640133457750498, "Ql": -0.3954900123611459, "Qe": -0.3813352213008161, "theta": 0.05385158936696898, "phi_v": -0.189001419116183, "phi_0": 0.027359950888904094, "alpha": 0.08660617778114882}, 0.11463747639460968, null], ["theta", -0.05300286279488109, true, null, -6.283185307179586, 6.283185307179586, null, 0.035504128645212976, {"fr": -0.7990752916217196, "Ql": -0.0072097054853364215, "Qe": -0.0006891346892078364, "A": 0.05385158936696898, "phi_v": -0.002520726659023877, "phi_0": 0.7658220907300296, "alpha": 0.5100533740113535}, 0.16238875619610393, null], ["phi_v", -9676.500566758334, true, null, -Infinity, Infinity, null, 35.22654878386998, {"fr": -0.008350591636494835, "Ql": 0.3847973625994545, "Qe": 0.5101243721963916, "A": -0.189001419116183, "theta": -0.002520726659023877, "phi_0": 0.041132128727036706, "alpha": -0.0005348452230714837}, -10352.178607288912, null], ["phi_0", 2.897769161398571, true, null, 1.999505792861421, 3.2561428542973383, null, 0.013752411478328714, {"fr": -0.9244686227167311, "Ql": 0.015578733474049766, "Qe": 0.02721878868724196, "A": 0.027359950888904094, "theta": 0.7658220907300296, "phi_v": 0.041132128727036706, "alpha": 0.37092824878595154}, 2.6278243235793797, null], ["alpha", 21.157765418352017, true, null, -Infinity, Infinity, null, 35.20543001257137, {"fr": -0.3847333633021306, "Ql": -0.009605744519112292, "Qe": 0.0011126456277842282, "A": 0.08660617778114882, "theta": 0.5100533740113535, "phi_v": -0.0005348452230714837, "phi_0": 0.37092824878595154}, 126.7955117302823, null], ["Qi", 70781.36398740154, false, "1./(1./Ql-1./Qe*cos(theta))", -Infinity, Infinity, null, 7084.028338214012, null, 93966.22047206666, null], ["Qc", 30309.901756395713, false, "Qe/cos(theta)", -Infinity, Infinity, null, 1077.7462529988888, null, 31677.34322203108, null]], "unique_symbols": {"False": 0, "little_endian": 1, "phi_0": 2.897769161398571, "Inf": Infinity, "e": 2.718281828459045, "True": 1, "infty": Infinity, "loggammafcn": {"__class__": "Callable", "__name__": "loggamma", "pyversion": "3.9", "value": "gASVJgAAAAAAAACMFXNjaXB5LnNwZWNpYWwuX3VmdW5jc5SMCGxvZ2dhbW1hlJOULg==", "importer": "scipy.special._ufuncs"}, "fr": 7095841236.105162, "newaxis": null, "wofz": {"__class__": "Callable", "__name__": "wofz", "pyversion": "3.9", "value": "gASVIgAAAAAAAACMFXNjaXB5LnNwZWNpYWwuX3VmdW5jc5SMBHdvZnqUk5Qu", "importer": "scipy.special._ufuncs"}, "None": null, "A": 0.11506371004915686, "nan": NaN, "erf": {"__class__": "Callable", "__name__": "erf", "pyversion": "3.9", "value": "gASVIQAAAAAAAACMFXNjaXB5LnNwZWNpYWwuX3VmdW5jc5SMA2VyZpSTlC4=", "importer": "scipy.special._ufuncs"}, "theta": -0.05300286279488109, "inf": Infinity, "NAN": NaN, "phi_v": -9676.500566758334, "Ql": 21222.17159768288, "alpha": 21.157765103076745, "gamfcn": {"__class__": "Callable", "__name__": "gamma", "pyversion": "3.9", "value": "gASVIwAAAAAAAACMFXNjaXB5LnNwZWNpYWwuX3VmdW5jc5SMBWdhbW1hlJOULg==", "importer": "scipy.special._ufuncs"}, "erfc": {"__class__": "Callable", "__name__": "erfc", "pyversion": "3.9", "value": "gASVIgAAAAAAAACMFXNjaXB5LnNwZWNpYWwuX3VmdW5jc5SMBGVyZmOUk5Qu", "importer": "scipy.special._ufuncs"}, "betalnfnc": {"__class__": "Callable", "__name__": "betaln", "pyversion": "3.9", "value": "gASVJAAAAAAAAACMFXNjaXB5LnNwZWNpYWwuX3VmdW5jc5SMBmJldGFsbpSTlC4=", "importer": "scipy.special._ufuncs"}, "Qc": 30309.901756395713, "Qi": 70781.36398740154, "Qe": 30267.33686659754, "pi": 3.141592653589793}, "aborted": 0, "aic": -894.8675649625757, "best_values": {"__class__": "Dict", "fr": 7095841236.105162, "Ql": 21222.17159768288, "Qe": 30267.33686659754, "A": 0.11506371004915686, "theta": -0.05300286279488109, "phi_v": -9676.500566758334, "phi_0": 2.897769161398571, "alpha": 21.157765418352017}, "bic": -875.8113518851846, "chisqr": 0.0009084071040560246, "ci_out": null, "col_deriv": 0, "covar": {"__class__": "NDArray", "__shape__": [8, 8], "__dtype__": "float64", "value": [58796228.16633668, 3887.575296973605, -49440.85554075899, -0.18337942752465633, -217.54108674306968, -2255.5999486403775, -97.4867892080417, -103859.0236729359, 3887.575296973605, 947576.7043421678, 835956.4688736893, -0.25293054564340084, -0.24917448562524808, 13194.999282005589, 0.20855384116471093, -329.1909389335772, -49440.85554075899, 835956.4688736893, 1154942.2171544072, -0.2692437440359469, -0.02629438990192005, 19311.957551822165, 0.40227938770632915, 42.09656380150445, -0.18337942752465633, -0.25293054564340084, -0.2692437440359469, 4.316354897017434e-07, 1.2561339596096123e-06, -0.0043741506304749486, 2.472024351231562e-07, 0.0020031667293952836, -217.54108674306968, -0.24917448562524808, -0.02629438990192005, 1.2561339596096123e-06, 0.0012605431508558326, -0.0031526423814314045, 0.000373925950618052, 0.6375351534611557, -2255.5999486403775, 13194.999282005589, 19311.957551822165, -0.0043741506304749486, -0.0031526423814314045, 1240.9097392223716, 0.019926459508323845, -0.663296752767273, -97.4867892080417, 0.20855384116471093, 0.40227938770632915, 2.472024351231562e-07, 0.000373925950618052, 0.019926459508323845, 0.00018912882146926736, 0.1795884576512176, -103859.0236729359, -329.1909389335772, 42.09656380150445, 0.0020031667293952836, 0.6375351534611557, -0.663296752767273, 0.1795884576512176, 1239.422302370061]}, "errorbars": 1, "flatchain": null, "ier": 1, "init_values": {"__class__": "Dict", "fr": 7095805259.925615, "Ql": 23690.82927652209, "Qe": 31260.5927605355, "A": 0.11463747639460968, "theta": 0.16238875619610393, "phi_v": -10352.178607288912, "phi_0": 2.6278243235793797, "alpha": 126.7955117302823}, "lmdif_message": "Both actual and predicted relative reductions in the sum of squares\n  are at most 0.000000", "message": "Fit succeeded.", "method": "leastsq", "nan_policy": "raise", "ndata": 80, "nfev": 64, "nfree": 72, "nvarys": 8, "redchi": 1.2616765334111453e-05, "residual": {"__class__": "NDArray", "__shape__": [80], "__dtype__": "float64", "value": [0.0007196771157069598, -0.0005431172470751894, 0.0007487005193288487, -0.00043394399138618756, 0.0008059861155612497, -0.0003128481548607259, 0.0010401169243756878, -0.0002169885845930697, 0.001271097481466421, -0.00019703621634553636, 0.0015242485474709008, -0.0002699970126393142, 0.0018107754437139906, -0.00036216969422595, 0.0020320694525849357, -0.0005900906570950604, 0.0022039611003905196, -0.0008644449756855244, 0.002248671608220877, -0.0011254692452140336, 0.002255615988483714, -0.0014279331896001474, 0.0021096999283695544, -0.0015896107721547065, 0.002005552913946121, -0.0015930937282225416, 0.0018074555451290247, -0.0014435649018482016, 0.0017670240391813447, -0.0008086506235717231, 0.0021235320784489253, 0.00031872909665689453, 0.0034235641543072654, 0.0020470590067730374, 0.00639784728834962, 0.004088301511978551, 0.013028871912240586, 0.0057275981788656866, 0.00901597210479492, 0.00385035832765198, -0.0017478992013514813, 0.013453131390125456, 0.0018333888567231699, 0.007396904980872436, -0.004490244700592574, 0.0036136015844486155, -0.0047528969152028505, 0.0063352761064060445, -0.00265502652918366, 0.006378441412654229, -0.001093509680165139, 0.0052647476332902815, -0.0001521357412122143, 0.0031780310460636785, -4.376923885392181e-05, 0.0018018481340025677, -0.0005132017537392702, 0.0006411295177122245, -0.0011038285585089139, 7.103404500047317e-05, -0.0010307587368110702, 2.5945141811284378e-05, -0.0008691134360560811, 0.00011255466526428892, -0.0011208601116861755, 5.4177478953421065e-05, -0.00122144560068628, 0.000171848160150187, -0.0015201041807935273, 0.00031402476051538286, -0.0018155545648836646, 0.0006443058825374159, -0.0017979664301959186, 0.0007691403832853771, -0.0021186720056880354, 0.001306476916446489, -0.002299121735414536, 0.002036014558074027, -0.0023913055136333267, 0.0029308524779855655]}, "rsquared": -908407104055.0245, "scale_covar": 1, "calc_covar": 1, "success": 1, "userargs": {"__class__": "Tuple", "value": [{"__class__": "NDArray", "__shape__": [40], "__dtype__": "complex128", "value": [[0.08952471014413242, 0.07901306498219575, 0.06689928447833339, 0.05325691364029297, 0.03851537841439073, 0.022922114846994072, 0.006757827766243274, -0.009571976162715263, -0.02576511185147091, -0.041417809110416905, -0.05628722995446842, -0.06991883504967256, -0.08215476655051601, -0.0924784498489596, -0.10069773583721987, -0.1064693075756824, -0.10944824117372604, -0.10877692309343705, -0.10335624583756335, -0.0741835453273846, -0.03353611557834254, -0.05195884459345994, -0.0805517473765915, -0.0936703594675516, -0.09484166168525968, -0.08863282573869537, -0.07813910111882481, -0.0645653793566042, -0.04893586675050378, -0.03222474730789341, -0.015629674809935296, 0.0010598171366443217, 0.018007195767624877, 0.03432809798590544, 0.05006958258274305, 0.06474768680634008, 0.07779253330426385, 0.08962163409152496, 0.09955243435753923, 0.10746604560885592], [-0.0685715408958804, -0.08052551525956432, -0.09093437155316851, -0.09954965506638908, -0.10613912640354026, -0.11053680422903563, -0.11270210234060134, -0.11244010027059416, -0.10979784512205362, -0.10482800877379626, -0.09750162251541888, -0.08805573943957622, -0.0765859262888526, -0.06318096539190356, -0.048274962633484214, -0.0319829455190713, -0.014563513714334248, 0.0038685289018609726, 0.02235713837609153, 0.03661475092408479, 0.00958729076897976, -0.020083611246546017, -0.009296120394365233, 0.013686445257636938, 0.03781314183818925, 0.058835126182656794, 0.0769603916721689, 0.09101439350316391, 0.10181729091687149, 0.10918681188601076, 0.11331335944178982, 0.11468923271861262, 0.11368960316354726, 0.11010607260148234, 0.10422511125274792, 0.09604436781770959, 0.0861462583630389, 0.07412871136686308, 0.0604529231993466, 0.045408670295897964]]}, null]}, "userkws": {"__class__": "Dict", "f": {"__class__": "NDArray", "__shape__": [40], "__dtype__": "float64", "value": [7093796170.530159, 7093896170.530159, 7093996170.530159, 7094096170.530159, 7094196170.530159, 7094296170.530159, 7094396170.530159, 7094496170.530159, 7094596170.530159, 7094696170.530159, 7094796170.530159, 7094896170.530159, 7094996170.530159, 7095096170.530159, 7095196170.530159, 7095296170.530159, 7095396170.530159, 7095496170.530159, 7095596170.530159, 7095696170.530159, 7095796170.530159, 7095896170.530159, 7095996170.530159, 7096096170.530159, 7096196170.530159, 7096296170.530159, 7096396170.530159, 7096496170.530159, 7096596170.530159, 7096696170.530159, 7096796170.530159, 7096896170.530159, 7096996170.530159, 7097096170.530159, 7097196170.530159, 7097296170.530159, 7097396170.530159, 7097496170.530159, 7097596170.530159, 7097696170.530159]}}, "values": {"__class__": "Dict", "fr": 7095841236.105162, "Ql": 21222.17159768288, "Qe": 30267.33686659754, "A": 0.11506371004915686, "theta": -0.05300286279488109, "phi_v": -9676.500566758334, "phi_0": 2.897769161398571, "alpha": 21.157765418352017, "Qi": 70781.36398740154, "Qc": 30309.901756395713}, "var_names": {"__class__": "List", "value": ["fr", "Ql", "Qe", "A", "theta", "phi_v", "phi_0", "alpha"]}, "weights": null, "user_options": null}