{"__class__": "lmfit.ModelResult", "__version__": "1", "model": {"__class__": "Tuple", "value": [{"__class__": "Tuple", "value": ["hanger_func_magnitude", {"__class__": "Callable", "__name__": "hanger_func_magnitude", "pyversion": "3.9", "value": "gASVUwAAAAAAAACMNXN1cGVyY29uZHVjdGluZ19xdWJpdF90b29scy5mdW5jdGlvbmFscy5waHlzaWNzX2Jhc2VklIwVaGFuZ2VyX2Z1bmNfbWFnbml0dWRllJOULg==", "importer": "superconducting_qubit_tools.functionals.physics_based"}, "hanger_func_magnitude", "", {"__class__": "List", "value": ["f"]}, {"__class__": "List", "value": ["fr", "Ql", "Qe", "A", "theta", "alpha"]}, {"__class__": "Dict", "Ql": {"__class__": "Dict", "min": 181.95887616744, "value": 10644.594255795238}, "Qe": {"__class__": "Dict", "min": 0, "value": 13010.05964597196}, "Qi": {"__class__": "Dict", "expr": "1./(1./Ql-1./Qe*cos(theta))", "vary": 0}, "Qc": {"__class__": "Dict", "expr": "Qe/cos(theta)", "vary": 0}, "fr": {"__class__": "Dict", "value": 7096396170.530159, "min": 7093796170.530159, "max": 7097696170.530159}, "A": {"__class__": "Dict", "value": 0.027961896660634443, "min": 0.00900328888887652, "max": 0.029037889697407053}, "alpha": {"__class__": "Dict", "value": 59.48943352513598}, "theta": {"__class__": "Dict", "value": 0, "min": -6.283185307179586, "max": 6.283185307179586}}, "raise", {"__class__": "Dict"}]}, null, null]}, "params": [["fr", 7096374189.527593, true, null, 7093796170.530159, 7097696170.530159, null, 1295.6230245023262, {"Ql": -0.005944994676580736, "Qe": 0.1508642087965186, "A": -0.1686328002455559, "theta": -0.8892724044290053, "alpha": -0.5254391361154994}, 7096396170.530159, null], ["Ql", 15146.0317169289, true, null, 181.95887616744, Infinity, null, 84.32523085130673, {"fr": -0.005944994676580736, "Qe": 0.5924977729823421, "A": -0.6282871602619217, "theta": -0.07481934913697877, "alpha": -0.3059844720330561}, 10644.594255795238, null], ["Qe", 18056.67829953749, true, null, 0, Infinity, null, 97.00901056404938, {"fr": 0.1508642087965186, "Ql": 0.5924977729823421, "A": -0.523501118613174, "theta": -0.17902424106501824, "alpha": -0.30002967654758383}, 13010.05964597196, null], ["A", 0.028976692847274475, true, null, 0.00900328888887652, 0.029037889697407053, null, 2.68126166733217e-05, {"fr": -0.1686328002455559, "Ql": -0.6282871602619217, "Qe": -0.523501118613174, "theta": 0.24975112086552098, "alpha": 0.5931983332794372}, 0.027961896660634443, null], ["theta", -0.03932746553348121, true, null, -6.283185307179586, 6.283185307179586, null, 0.004056722620523572, {"fr": -0.8892724044290053, "Ql": -0.07481934913697877, "Qe": -0.17902424106501824, "A": 0.24975112086552098, "alpha": 0.6373264427534335}, 0, null], ["alpha", 70.04572494956807, true, null, -Infinity, Infinity, null, 4.673607706340303, {"fr": -0.5254391361154994, "Ql": -0.3059844720330561, "Qe": -0.30002967654758383, "A": 0.5931983332794372, "theta": 0.6373264427534335}, 59.48943352513598, null], ["Qi", 93584.37055414297, false, "1./(1./Ql-1./Qe*cos(theta))", -Infinity, Infinity, null, 2692.861789513893, null, 58545.26840687379, null], ["Qc", 18070.650980555874, false, "Qe/cos(theta)", -Infinity, Infinity, null, 97.64172214390703, null, 13010.05964597196, null]], "unique_symbols": {"False": 0, "little_endian": 1, "Inf": Infinity, "e": 2.718281828459045, "True": 1, "infty": Infinity, "loggammafcn": {"__class__": "Callable", "__name__": "loggamma", "pyversion": "3.9", "value": "gASVJgAAAAAAAACMFXNjaXB5LnNwZWNpYWwuX3VmdW5jc5SMCGxvZ2dhbW1hlJOULg==", "importer": "scipy.special._ufuncs"}, "fr": 7096374189.527593, "newaxis": null, "wofz": {"__class__": "Callable", "__name__": "wofz", "pyversion": "3.9", "value": "gASVIgAAAAAAAACMFXNjaXB5LnNwZWNpYWwuX3VmdW5jc5SMBHdvZnqUk5Qu", "importer": "scipy.special._ufuncs"}, "None": null, "A": 0.028976692847274475, "nan": NaN, "erf": {"__class__": "Callable", "__name__": "erf", "pyversion": "3.9", "value": "gASVIQAAAAAAAACMFXNjaXB5LnNwZWNpYWwuX3VmdW5jc5SMA2VyZpSTlC4=", "importer": "scipy.special._ufuncs"}, "theta": -0.03932746553348121, "inf": Infinity, "NAN": NaN, "Ql": 15146.0317169289, "alpha": 70.04572390580543, "gamfcn": {"__class__": "Callable", "__name__": "gamma", "pyversion": "3.9", "value": "gASVIwAAAAAAAACMFXNjaXB5LnNwZWNpYWwuX3VmdW5jc5SMBWdhbW1hlJOULg==", "importer": "scipy.special._ufuncs"}, "erfc": {"__class__": "Callable", "__name__": "erfc", "pyversion": "3.9", "value": "gASVIgAAAAAAAACMFXNjaXB5LnNwZWNpYWwuX3VmdW5jc5SMBGVyZmOUk5Qu", "importer": "scipy.special._ufuncs"}, "betalnfnc": {"__class__": "Callable", "__name__": "betaln", "pyversion": "3.9", "value": "gASVJAAAAAAAAACMFXNjaXB5LnNwZWNpYWwuX3VmdW5jc5SMBmJldGFsbpSTlC4=", "importer": "scipy.special._ufuncs"}, "Qc": 18070.650980555874, "Qi": 93584.37055414297, "Qe": 18056.67829953749, "pi": 3.141592653589793}, "aborted": 0, "aic": -733.40569438429, "best_values": {"__class__": "Dict", "fr": 7096374189.527593, "Ql": 15146.0317169289, "Qe": 18056.67829953749, "A": 0.028976692847274475, "theta": -0.03932746553348121, "alpha": 70.04572494956807}, "bic": -723.2724176596064, "chisqr": 3.227903145498037e-07, "ci_out": null, "col_deriv": 0, "covar": {"__class__": "NDArray", "__shape__": [6, 6], "__dtype__": "float64", "value": [1678639.0216205555, -649.512728136195, 18961.686054703998, -0.0058581421847935175, -4.674000845620859, -3181.6567915368696, -649.512728136195, 7110.744558126172, 4846.813804515058, -0.0014205447605980682, -0.025594507577914774, -120.58941329703781, 18961.686054703998, 4846.813804515058, 9410.748130615844, -0.0013616606538737082, -0.07045295770735473, -136.02807262123486, -0.0058581421847935175, -0.0014205447605980682, -0.0013616606538737082, 7.18916412870489e-10, 2.7165766224433673e-08, 7.43346630544451e-05, -4.674000845620859, -0.025594507577914774, -0.07045295770735473, 2.7165766224433673e-08, 1.645699841986764e-05, 0.012083409876033891, -3181.6567915368696, -120.58941329703781, -136.02807262123486, 7.43346630544451e-05, 0.012083409876033891, 21.84260899276347]}, "errorbars": 1, "flatchain": null, "ier": 1, "init_values": {"__class__": "Dict", "fr": 7096396170.530159, "Ql": 10644.594255795238, "Qe": 13010.05964597196, "A": 0.027961896660634443, "theta": 0, "alpha": 59.48943352513598}, "lmdif_message": "Both actual and predicted relative reductions in the sum of squares\n  are at most 0.000000", "message": "Fit succeeded.", "method": "leastsq", "nan_policy": "raise", "ndata": 40, "nfev": 43, "nfree": 34, "nvarys": 6, "redchi": 9.49383278087658e-09, "residual": {"__class__": "NDArray", "__shape__": [40], "__dtype__": "float64", "value": [-6.993041692625324e-05, -7.72403340161612e-05, -6.154807097106044e-05, -9.197190499241753e-05, 6.629413574057996e-06, -1.2952891705435288e-06, -1.3078889778018327e-05, -2.111022659709999e-06, 1.8549956309579785e-05, -7.986611020652234e-06, 2.665654435987999e-05, 2.8056719872656538e-05, -5.763154861247732e-06, 8.467664525756147e-05, 7.080616600114997e-05, 7.344284627954639e-05, 8.290371555159937e-05, 7.40617667078225e-05, 6.764630272728181e-05, 9.029439507760723e-05, 6.395566423777338e-05, 1.1149629197043653e-05, -7.363615100133836e-06, -0.0001757642585847874, -0.0002679038214282621, 0.00024746670108996213, -0.00010340774838841701, 2.120935583523574e-05, 0.00013807600399396575, 0.00014099869057335526, 7.2732515956283605e-06, -6.0438638499867026e-05, -8.018990251662528e-05, -0.00010409582304911347, -9.827176134417567e-05, -5.566781580947783e-05, -1.661085330858028e-05, 3.359381069896472e-05, -9.573712246843669e-06, 3.708086367333954e-05]}, "rsquared": 0.9996960756169656, "scale_covar": 1, "calc_covar": 1, "success": 1, "userargs": {"__class__": "Tuple", "value": [{"__class__": "NDArray", "__shape__": [40], "__dtype__": "float64", "value": [0.028112156195560706, 0.028135256891803996, 0.02813387029741338, 0.028176864960622206, 0.028088794104024928, 0.02810483178890889, 0.028121840923623867, 0.028112619271689218, 0.02808947116578901, 0.028108314418029284, 0.028059498887211945, 0.02803575574764974, 0.028036774824266905, 0.02789992278057231, 0.02784932472290815, 0.02775773992378478, 0.027625300070574257, 0.027462455490543252, 0.027225052409433254, 0.026847389880836563, 0.026339000782142814, 0.025550197395438123, 0.024170091120765992, 0.021870139005854182, 0.017419378077845965, 0.009117997228422957, 0.006036428700208928, 0.014822300926665258, 0.020811179930632324, 0.02408724370146929, 0.025999156840884784, 0.027095265623230447, 0.027752639443991763, 0.028197473095009334, 0.028485045499072204, 0.028656778095877636, 0.028780830124276346, 0.028859273442184512, 0.02900715580613193, 0.02904813432783209]}, null]}, "userkws": {"__class__": "Dict", "f": {"__class__": "NDArray", "__shape__": [40], "__dtype__": "float64", "value": [7093796170.530159, 7093896170.530159, 7093996170.530159, 7094096170.530159, 7094196170.530159, 7094296170.530159, 7094396170.530159, 7094496170.530159, 7094596170.530159, 7094696170.530159, 7094796170.530159, 7094896170.530159, 7094996170.530159, 7095096170.530159, 7095196170.530159, 7095296170.530159, 7095396170.530159, 7095496170.530159, 7095596170.530159, 7095696170.530159, 7095796170.530159, 7095896170.530159, 7095996170.530159, 7096096170.530159, 7096196170.530159, 7096296170.530159, 7096396170.530159, 7096496170.530159, 7096596170.530159, 7096696170.530159, 7096796170.530159, 7096896170.530159, 7096996170.530159, 7097096170.530159, 7097196170.530159, 7097296170.530159, 7097396170.530159, 7097496170.530159, 7097596170.530159, 7097696170.530159]}}, "values": {"__class__": "Dict", "fr": 7096374189.527593, "Ql": 15146.0317169289, "Qe": 18056.67829953749, "A": 0.028976692847274475, "theta": -0.03932746553348121, "alpha": 70.04572494956807, "Qi": 93584.37055414297, "Qc": 18070.650980555874}, "var_names": {"__class__": "List", "value": ["fr", "Ql", "Qe", "A", "theta", "alpha"]}, "weights": null, "user_options": null}