{"__class__": "lmfit.ModelResult", "__version__": "1", "model": {"__class__": "Tuple", "value": [{"__class__": "Tuple", "value": ["hanger_func_complex_SI", {"__class__": "Callable", "__name__": "hanger_func_complex_SI", "pyversion": "3.9", "value": "gASVVAAAAAAAAACMNXN1cGVyY29uZHVjdGluZ19xdWJpdF90b29scy5mdW5jdGlvbmFscy5waHlzaWNzX2Jhc2VklIwWaGFuZ2VyX2Z1bmNfY29tcGxleF9TSZSTlC4=", "importer": "superconducting_qubit_tools.functionals.physics_based"}, "hanger_func_complex_SI", "", {"__class__": "List", "value": ["f"]}, {"__class__": "List", "value": ["fr", "Ql", "Qe", "A", "theta", "phi_v", "phi_0", "alpha"]}, {"__class__": "Dict", "Ql": {"__class__": "Dict", "min": 1419.2096600463474, "value": 63339.1753713728}, "Qe": {"__class__": "Dict", "min": 1419.2096600463474, "value": 21950.453186841718}, "Qi": {"__class__": "Dict", "expr": "1./(1./Ql-1./Qe*cos(theta))", "vary": 0}, "Qc": {"__class__": "Dict", "expr": "Qe/cos(theta)", "vary": 0}, "fr": {"__class__": "Dict", "value": 7096048300.231737, "min": 7095796170.530159, "max": 7096296170.530159}, "A": {"__class__": "Dict", "value": 0.07533084750189137, "min": 0.03839501114068603, "max": 0.07679002228137206}, "alpha": {"__class__": "Dict", "value": 41.609030443888926}, "phi_0": {"__class__": "Dict", "value": 2.2108402436375556, "min": 1.582521712919597, "max": 2.8391587743555142}, "phi_v": {"__class__": "Dict", "value": -10564.463112590975}, "theta": {"__class__": "Dict", "value": -0.03602779672224177, "min": -6.283185307179586, "max": 6.283185307179586}}, "raise", {"__class__": "Dict"}]}, null, null]}, "params": [["fr", 7096026702.802506, true, null, 7095796170.530159, 7096296170.530159, null, 15387.753008467847, {"Ql": 0.002174720209414635, "Qe": 0.0015448083562298197, "A": 0.0007859400131875477, "theta": -0.8162834124908326, "phi_v": -0.11763683509335808, "phi_0": -0.9630220790678832, "alpha": -0.39640178762267375}, 7096048300.231737, null], ["Ql", 18103.658269131673, true, null, 1419.2096600463474, Infinity, null, 1424.2252526653888, {"fr": 0.002174720209414635, "Qe": 0.8170686115705104, "A": -0.4555778632570031, "theta": -0.0037988522938245204, "phi_v": 0.3987166840427794, "phi_0": 0.004411579985665917, "alpha": -0.12499989826488657}, 21950.453186841718, null], ["Qe", 37734.43522279818, true, null, 1419.2096600463474, Infinity, null, 2392.477855449262, {"fr": 0.0015448083562298197, "Ql": 0.8170686115705104, "A": -0.4937764894620751, "theta": -0.0032691499323974226, "phi_v": 0.5254295790514915, "phi_0": 0.008911242866042836, "alpha": -0.14471412144373205}, 63339.1753713728, null], ["A", 0.0767900222164274, true, null, 0.03839501114068603, 0.07679002228137206, null, 0.0005316121011072734, {"fr": 0.0007859400131875477, "Ql": -0.4555778632570031, "Qe": -0.4937764894620751, "theta": 0.02032957753519531, "phi_v": -0.2523977218440571, "phi_0": -0.0033920694836556053, "alpha": 0.2601768611680849}, 0.07533084750189137, null], ["theta", 0.07763989688880368, true, null, -6.283185307179586, 6.283185307179586, null, 0.06319751998929239, {"fr": -0.8162834124908326, "Ql": -0.0037988522938245204, "Qe": -0.0032691499323974226, "A": 0.02032957753519531, "phi_v": 0.1359370772639579, "phi_0": 0.8227086768718275, "alpha": 0.5226391444932094}, -0.03602779672224177, null], ["phi_v", -9505.753375612408, true, null, -Infinity, Infinity, null, 44.708015572543644, {"fr": -0.11763683509335808, "Ql": 0.3987166840427794, "Qe": 0.5254295790514915, "A": -0.2523977218440571, "theta": 0.1359370772639579, "phi_0": 0.17340800154182745, "alpha": -0.004143158067669034}, -10564.463112590975, null], ["phi_0", 2.636467111169762, true, null, 1.582521712919597, 2.8391587743555142, null, 0.024954699993185968, {"fr": -0.9630220790678832, "Ql": 0.004411579985665917, "Qe": 0.008911242866042836, "A": -0.0033920694836556053, "theta": 0.8227086768718275, "phi_v": 0.17340800154182745, "alpha": 0.4021022258463056}, 2.2108402436375556, null], ["alpha", 104.36196250962794, true, null, -Infinity, Infinity, null, 44.29520837816273, {"fr": -0.39640178762267375, "Ql": -0.12499989826488657, "Qe": -0.14471412144373205, "A": 0.2601768611680849, "theta": 0.5226391444932094, "phi_v": -0.004143158067669034, "phi_0": 0.4021022258463056}, 41.609030443888926, null], ["Qi", 34702.58770882476, false, "1./(1./Ql-1./Qe*cos(theta))", -Infinity, Infinity, null, 3772.6540037689842, null, 33580.28955498093, null], ["Qc", 37848.45228830303, false, "Qe/cos(theta)", -Infinity, Infinity, null, 2406.304321353924, null, 63380.30480777399, null]], "unique_symbols": {"False": 0, "little_endian": 1, "phi_0": 2.636467111169762, "Inf": Infinity, "e": 2.718281828459045, "True": 1, "infty": Infinity, "loggammafcn": {"__class__": "Callable", "__name__": "loggamma", "pyversion": "3.9", "value": "gASVJgAAAAAAAACMFXNjaXB5LnNwZWNpYWwuX3VmdW5jc5SMCGxvZ2dhbW1hlJOULg==", "importer": "scipy.special._ufuncs"}, "fr": 7096026702.802506, "newaxis": null, "wofz": {"__class__": "Callable", "__name__": "wofz", "pyversion": "3.9", "value": "gASVIgAAAAAAAACMFXNjaXB5LnNwZWNpYWwuX3VmdW5jc5SMBHdvZnqUk5Qu", "importer": "scipy.special._ufuncs"}, "None": null, "A": 0.0767900222164274, "nan": NaN, "erf": {"__class__": "Callable", "__name__": "erf", "pyversion": "3.9", "value": "gASVIQAAAAAAAACMFXNjaXB5LnNwZWNpYWwuX3VmdW5jc5SMA2VyZpSTlC4=", "importer": "scipy.special._ufuncs"}, "theta": 0.07763989688880368, "inf": Infinity, "NAN": NaN, "phi_v": -9505.753375612408, "Ql": 18103.658269131673, "alpha": 104.36196095451352, "gamfcn": {"__class__": "Callable", "__name__": "gamma", "pyversion": "3.9", "value": "gASVIwAAAAAAAACMFXNjaXB5LnNwZWNpYWwuX3VmdW5jc5SMBWdhbW1hlJOULg==", "importer": "scipy.special._ufuncs"}, "erfc": {"__class__": "Callable", "__name__": "erfc", "pyversion": "3.9", "value": "gASVIgAAAAAAAACMFXNjaXB5LnNwZWNpYWwuX3VmdW5jc5SMBGVyZmOUk5Qu", "importer": "scipy.special._ufuncs"}, "betalnfnc": {"__class__": "Callable", "__name__": "betaln", "pyversion": "3.9", "value": "gASVJAAAAAAAAACMFXNjaXB5LnNwZWNpYWwuX3VmdW5jc5SMBmJldGFsbpSTlC4=", "importer": "scipy.special._ufuncs"}, "Qc": 37848.45228830303, "Qi": 34702.58770882476, "Qe": 37734.43522279818, "pi": 3.141592653589793}, "aborted": 0, "aic": -926.8043151140873, "best_values": {"__class__": "Dict", "fr": 7096026702.802506, "Ql": 18103.658269131673, "Qe": 37734.43522279818, "A": 0.0767900222164274, "theta": 0.07763989688880368, "phi_v": -9505.753375612408, "phi_0": 2.636467111169762, "alpha": 104.36196250962794}, "bic": -907.7481020366963, "chisqr": 0.0006094051111570158, "ci_out": null, "col_deriv": 0, "covar": {"__class__": "NDArray", "__shape__": [8, 8], "__dtype__": "float64", "value": [236782942.64961126, 47660.35566980834, 56871.90076288112, 0.006429237435542783, -793.8093574573251, -80928.95489261895, -369.79735806995285, -270188.93542945414, 47660.35566980834, 2028417.5703297907, 2784101.9569116253, -0.344934118169978, -0.34192521255535213, 25387.99968427331, 0.156792466762678, -7885.787874934442, 56871.90076288112, 2784101.9569116253, 5723950.288815099, -0.6280195923284644, -0.49429111230793055, 56201.491076770515, 0.5320329866028319, -15336.12317911786, 0.006429237435542783, -0.344934118169978, -0.6280195923284644, 2.8261142604368985e-07, 6.830040012661475e-07, -0.0059988179510757356, -4.4999941707518545e-08, 0.006126610590254869, -793.8093574573251, -0.34192521255535213, -0.49429111230793055, 6.830040012661475e-07, 0.0039939265327970114, 0.38408147211928195, 0.001297473411338253, 1.4630484868485818, -80928.95489261895, 25387.99968427331, 56201.491076770515, -0.0059988179510757356, 0.38408147211928195, 1998.8066564348048, 0.1934669922187749, -8.204906667117386, -369.79735806995285, 0.156792466762678, 0.5320329866028319, -4.4999941707518545e-08, 0.001297473411338253, 0.1934669922187749, 0.0006227370517499157, 0.44447319951295455, -270188.93542945414, -7885.787874934442, -15336.12317911786, 0.006126610590254869, 1.4630484868485818, -8.204906667117386, 0.44447319951295455, 1962.0654852648574]}, "errorbars": 1, "flatchain": null, "ier": 1, "init_values": {"__class__": "Dict", "fr": 7096048300.231737, "Ql": 21950.453186841718, "Qe": 63339.1753713728, "A": 0.07533084750189137, "theta": -0.03602779672224177, "phi_v": -10564.463112590975, "phi_0": 2.2108402436375556, "alpha": 41.609030443888926}, "lmdif_message": "Both actual and predicted relative reductions in the sum of squares\n  are at most 0.000000", "message": "Fit succeeded.", "method": "leastsq", "nan_policy": "raise", "ndata": 80, "nfev": 95, "nfree": 72, "nvarys": 8, "redchi": 8.463959877180774e-06, "residual": {"__class__": "NDArray", "__shape__": [80], "__dtype__": "float64", "value": [-0.0026191648766668157, -0.0029196539264721016, -0.0025702333191491983, -0.002254146164897282, -0.0024018302747394263, -0.0016564452199539573, -0.0021163624204170867, -0.001143667992073577, -0.001742605755634289, -0.0007900972917527227, -0.0013065228883319523, -0.0005408127395643142, -0.0008646934795293413, -0.00040063947940011113, -0.000323458228883489, -0.0004275924077060955, 5.823964448576496e-05, -0.0005525928210318165, 0.0004347487002667495, -0.000882325803827369, 0.000710588313990422, -0.001342720624483304, 0.000892924590556482, -0.0018486388797981576, 0.0009118278664804746, -0.002409299672782285, 0.0007839574004429306, -0.002982552400927714, 0.00041187993867541906, -0.0035844192754563575, -4.508646010899231e-05, -0.00409138019319703, -0.0006321318795463743, -0.004391467250346493, -0.0011508922253173903, -0.004471938322487957, -0.0014204955164952987, -0.004296251358712351, -0.0010888539925915375, -0.003950022764882641, 0.0006364769340233348, -0.003946385416972287, 0.004121199789313419, -0.005754428264150457, 0.0049147678231012265, -0.00961241748640829, 0.007741126031593465, 0.0006630539136610117, 0.008352532130283613, -0.0018342508560998984, 0.003765592814929032, -0.0008167949903389593, 0.0022507429318387034, 4.0705798981820196e-05, 0.002021722014509751, 0.0007957474884165219, 0.0026791626267274674, 0.0018529577941764908, 0.0029101159587010053, 0.0019718250450262848, 0.0030854002199729794, 0.0016586912228399586, 0.003135950433153005, 0.0012838131428033611, 0.002804760506533651, 0.0007379025507630171, 0.00267984025293104, 0.00040983400463161235, 0.0020936293945434323, 0.000255941282321287, 0.0013746343897374919, 0.00036185564754064037, 0.0005828362252900468, 0.0007138290486260884, -2.111738581033612e-05, 0.0014223196070602614, -0.00040890276156950456, 0.002312645093100231, -0.0004817370377378505, 0.0032971443404348037]}, "rsquared": -609405111156.0157, "scale_covar": 1, "calc_covar": 1, "success": 1, "userargs": {"__class__": "Tuple", "value": [{"__class__": "NDArray", "__shape__": [40], "__dtype__": "complex128", "value": [[0.05941710841370374, 0.05242269013390403, 0.044355448116718064, 0.03535641245429668, 0.025608904251076273, 0.015306861746992537, 0.004685603586708446, -0.00616179021510139, -0.01678439520391884, -0.0271419594247107, -0.03694408803994795, -0.04600443955474097, -0.05406169190287997, -0.06094219699369503, -0.0663552101780044, -0.07025405372429548, -0.07235451759148297, -0.07254160659558959, -0.07052649444594987, -0.06588994803752442, -0.05825615825941929, -0.04771867092563053, -0.038136610455086706, -0.04861477453905488, -0.059965787812099255, -0.057165900293302686, -0.05127227881598833, -0.04350196123519174, -0.03492355392895855, -0.02495412660868039, -0.014395460344024794, -0.003485170991466193, 0.007783072705960701, 0.018599558030330206, 0.02942874403423837, 0.039754351356405725, 0.04934381839992596, 0.05778035597062774, 0.0648977334637961, 0.07047941305349673], [-0.04498924582611367, -0.05298650422350161, -0.05992241367177959, -0.06565522584975728, -0.0700046636584216, -0.07294011553683744, -0.07439311608117442, -0.0742648970506572, -0.07260719783095308, -0.06931943737453056, -0.06450474136121459, -0.058299226597803185, -0.0507650271715277, -0.04203404121790273, -0.032196283874362644, -0.02149632530790102, -0.010184661969593474, 0.0015545469432210093, 0.013421597345200284, 0.024938963829976048, 0.035041174310442874, 0.040669078713227405, 0.03561088767002779, 0.016255575756823987, 0.025932130695262897, 0.03806934506146572, 0.04918624906255725, 0.0579841653276899, 0.06415926848217285, 0.06917560807355276, 0.07269684800975895, 0.07447462553574972, 0.07471575376122068, 0.07312233842589766, 0.0698335475576873, 0.0648700936321637, 0.05836613567969132, 0.05034688488727788, 0.041137760969272866, 0.030991067577934173]]}, null]}, "userkws": {"__class__": "Dict", "f": {"__class__": "NDArray", "__shape__": [40], "__dtype__": "float64", "value": [7093796170.530159, 7093896170.530159, 7093996170.530159, 7094096170.530159, 7094196170.530159, 7094296170.530159, 7094396170.530159, 7094496170.530159, 7094596170.530159, 7094696170.530159, 7094796170.530159, 7094896170.530159, 7094996170.530159, 7095096170.530159, 7095196170.530159, 7095296170.530159, 7095396170.530159, 7095496170.530159, 7095596170.530159, 7095696170.530159, 7095796170.530159, 7095896170.530159, 7095996170.530159, 7096096170.530159, 7096196170.530159, 7096296170.530159, 7096396170.530159, 7096496170.530159, 7096596170.530159, 7096696170.530159, 7096796170.530159, 7096896170.530159, 7096996170.530159, 7097096170.530159, 7097196170.530159, 7097296170.530159, 7097396170.530159, 7097496170.530159, 7097596170.530159, 7097696170.530159]}}, "values": {"__class__": "Dict", "fr": 7096026702.802506, "Ql": 18103.658269131673, "Qe": 37734.43522279818, "A": 0.0767900222164274, "theta": 0.07763989688880368, "phi_v": -9505.753375612408, "phi_0": 2.636467111169762, "alpha": 104.36196250962794, "Qi": 34702.58770882476, "Qc": 37848.45228830303}, "var_names": {"__class__": "List", "value": ["fr", "Ql", "Qe", "A", "theta", "phi_v", "phi_0", "alpha"]}, "weights": null, "user_options": null}