{"__class__": "lmfit.ModelResult", "__version__": "1", "model": {"__class__": "Tuple", "value": [{"__class__": "Tuple", "value": ["hanger_func_complex_SI", {"__class__": "Callable", "__name__": "hanger_func_complex_SI", "pyversion": "3.9", "value": "gASVVAAAAAAAAACMNXN1cGVyY29uZHVjdGluZ19xdWJpdF90b29scy5mdW5jdGlvbmFscy5waHlzaWNzX2Jhc2VklIwWaGFuZ2VyX2Z1bmNfY29tcGxleF9TSZSTlC4=", "importer": "superconducting_qubit_tools.functionals.physics_based"}, "hanger_func_complex_SI", "", {"__class__": "List", "value": ["f"]}, {"__class__": "List", "value": ["fr", "Ql", "Qe", "A", "theta", "phi_v", "phi_0", "alpha"]}, {"__class__": "Dict", "Ql": {"__class__": "Dict", "min": 1182.7336823494952, "value": 17800.64867169407}, "Qe": {"__class__": "Dict", "min": 1182.7336823494952, "value": 15139.485463572142}, "Qi": {"__class__": "Dict", "expr": "1./(1./Ql-1./Qe*cos(theta))", "vary": 0}, "Qc": {"__class__": "Dict", "expr": "Qe/cos(theta)", "vary": 0}, "fr": {"__class__": "Dict", "value": 7096402094.0969715, "min": 7096096170.530159, "max": 7096696170.530159}, "A": {"__class__": "Dict", "value": 0.015186760214127801, "min": 0.007585803841159699, "max": 0.015171607682319397}, "alpha": {"__class__": "Dict", "value": 56.78165742252529}, "phi_0": {"__class__": "Dict", "value": 1.539718654581379, "min": 0.9114001238634204, "max": 2.1680371852993376}, "phi_v": {"__class__": "Dict", "value": -10943.271991958569}, "theta": {"__class__": "Dict", "value": -0.0633671513555063, "min": -6.283185307179586, "max": 6.283185307179586}}, "raise", {"__class__": "Dict"}]}, null, null]}, "params": [["fr", 7096403845.696798, true, null, 7096096170.530159, 7096696170.530159, null, 603.5335389438768, {"Ql": 0.00043963625853314794, "Qe": -0.0386177920145997, "A": -0.12267823915154343, "theta": -0.8257997371704573, "phi_v": -0.21977634722696918, "phi_0": -0.9198720553768732, "alpha": -0.40098971930786903}, 7096402094.0969715, null], ["Ql", 15170.640285544472, true, null, 1182.7336823494952, Infinity, null, 39.20266339514258, {"fr": 0.00043963625853314794, "Qe": 0.8264061916724652, "A": -0.5041289570563509, "theta": -0.039823541365709474, "phi_v": 0.40346933604537366, "phi_0": 0.05847300378351772, "alpha": -0.222464072718633}, 15139.485463572142, null], ["Qe", 17747.469916268605, true, null, 1182.7336823494952, Infinity, null, 35.48986170128836, {"fr": -0.0386177920145997, "Ql": 0.8264061916724652, "A": -0.44626876725824416, "theta": -0.0007827851284785524, "phi_v": 0.5334535027036503, "phi_0": 0.1168295851394341, "alpha": -0.173721713547547}, 17800.64867169407, null], ["A", 0.015171032000086772, true, null, 0.007585803841159699, 0.015171607682319397, null, 3.8572168254495787e-07, {"fr": -0.12267823915154343, "Ql": -0.5041289570563509, "Qe": -0.44626876725824416, "theta": 0.19358655321055668, "phi_v": -0.19615781853090933, "phi_0": 0.08317489706580367, "alpha": 0.5643437801910156}, 0.015171607682319397, null], ["theta", -0.07036620156993223, true, null, -6.283185307179586, 6.283185307179586, null, 0.00199505762655913, {"fr": -0.8257997371704573, "Ql": -0.039823541365709474, "Qe": -0.0007827851284785524, "A": 0.19358655321055668, "phi_v": 0.17074172115742894, "phi_0": 0.7728932299141095, "alpha": 0.530787217013162}, -0.0633671513555063, null], ["phi_v", -9907.84697103403, true, null, -Infinity, Infinity, null, 2.833299616935309, {"fr": -0.21977634722696918, "Ql": 0.40346933604537366, "Qe": 0.5334535027036503, "A": -0.19615781853090933, "theta": 0.17074172115742894, "phi_0": 0.40727137351048553, "alpha": -0.0017806931486383964}, -10943.271991958569, null], ["phi_0", 2.065435183255134, true, null, 0.9114001238634204, 2.1680371852993376, null, 0.001217639019022789, {"fr": -0.9198720553768732, "Ql": 0.05847300378351772, "Qe": 0.1168295851394341, "A": 0.08317489706580367, "theta": 0.7728932299141095, "phi_v": 0.40727137351048553, "alpha": 0.364604632684488}, 1.539718654581379, null], ["alpha", 50.2070163787647, true, null, -Infinity, Infinity, null, 2.8037222349031086, {"fr": -0.40098971930786903, "Ql": -0.222464072718633, "Qe": -0.173721713547547, "A": 0.5643437801910156, "theta": 0.530787217013162, "phi_v": -0.0017806931486383964, "phi_0": 0.364604632684488}, 56.78165742252529, null], ["Qi", 102984.75922901559, false, "1./(1./Ql-1./Qe*cos(theta))", -Infinity, Infinity, null, 1058.4959568584668, null, 100125.50640085965, null], ["Qc", 17791.498177673857, false, "Qe/cos(theta)", -Infinity, Infinity, null, 35.667711590019294, null, 17836.4468882145, null]], "unique_symbols": {"False": 0, "little_endian": 1, "phi_0": 2.065435183255134, "Inf": Infinity, "e": 2.718281828459045, "True": 1, "infty": Infinity, "loggammafcn": {"__class__": "Callable", "__name__": "loggamma", "pyversion": "3.9", "value": "gASVJgAAAAAAAACMFXNjaXB5LnNwZWNpYWwuX3VmdW5jc5SMCGxvZ2dhbW1hlJOULg==", "importer": "scipy.special._ufuncs"}, "fr": 7096403845.696798, "newaxis": null, "wofz": {"__class__": "Callable", "__name__": "wofz", "pyversion": "3.9", "value": "gASVIgAAAAAAAACMFXNjaXB5LnNwZWNpYWwuX3VmdW5jc5SMBHdvZnqUk5Qu", "importer": "scipy.special._ufuncs"}, "None": null, "A": 0.015171032000086772, "nan": NaN, "erf": {"__class__": "Callable", "__name__": "erf", "pyversion": "3.9", "value": "gASVIQAAAAAAAACMFXNjaXB5LnNwZWNpYWwuX3VmdW5jc5SMA2VyZpSTlC4=", "importer": "scipy.special._ufuncs"}, "theta": -0.07036620156993223, "inf": Infinity, "NAN": NaN, "phi_v": -9907.84697103403, "Ql": 15170.640285544472, "alpha": 50.207015630621854, "gamfcn": {"__class__": "Callable", "__name__": "gamma", "pyversion": "3.9", "value": "gASVIwAAAAAAAACMFXNjaXB5LnNwZWNpYWwuX3VmdW5jc5SMBWdhbW1hlJOULg==", "importer": "scipy.special._ufuncs"}, "erfc": {"__class__": "Callable", "__name__": "erfc", "pyversion": "3.9", "value": "gASVIgAAAAAAAACMFXNjaXB5LnNwZWNpYWwuX3VmdW5jc5SMBGVyZmOUk5Qu", "importer": "scipy.special._ufuncs"}, "betalnfnc": {"__class__": "Callable", "__name__": "betaln", "pyversion": "3.9", "value": "gASVJAAAAAAAAACMFXNjaXB5LnNwZWNpYWwuX3VmdW5jc5SMBmJldGFsbpSTlC4=", "importer": "scipy.special._ufuncs"}, "Qc": 17791.498177673857, "Qi": 102984.75922901559, "Qe": 17747.469916268605, "pi": 3.141592653589793}, "aborted": 0, "aic": -1635.2380316159022, "best_values": {"__class__": "Dict", "fr": 7096403845.696798, "Ql": 15170.640285544472, "Qe": 17747.469916268605, "A": 0.015171032000086772, "theta": -0.07036620156993223, "phi_v": -9907.84697103403, "phi_0": 2.065435183255134, "alpha": 50.2070163787647}, "bic": -1616.1818185385112, "chisqr": 8.690513108812859e-08, "ci_out": null, "col_deriv": 0, "covar": {"__class__": "NDArray", "__shape__": [8, 8], "__dtype__": "float64", "value": [364252.7326301201, 10.401847589408433, -827.1669154941036, -2.8558999940486044e-05, -0.9943324074301239, -375.8156515273052, -0.6760010826918572, -678.5309050868082, 10.401847589408433, 1536.8488172728516, 1149.776539727071, -7.623093912214309e-06, -0.0031146617962318083, 44.81450565715622, 0.002791190860978075, -24.451777944920963, -827.1669154941036, 1149.776539727071, 1259.5302835765747, -6.109066500459933e-06, -5.542456814304877e-05, 53.64056960726941, 0.005048655044719608, -17.285955763927007, -2.8558999940486044e-05, -7.623093912214309e-06, -6.109066500459933e-06, 1.4878121638531325e-13, 1.4897201239556883e-10, -2.1437403306189915e-07, 3.906473487030935e-11, 6.103132255268924e-07, -0.9943324074301239, -0.0031146617962318083, -5.542456814304877e-05, 1.4897201239556883e-10, 3.980254933291749e-06, 0.0009651339716002977, 1.8775586164328277e-06, 0.0029690047037608676, -375.8156515273052, 44.81450565715622, 53.64056960726941, -2.1437403306189915e-07, 0.0009651339716002977, 8.027586719325768, 0.0014050602409166031, -0.01414544376262574, -0.6760010826918572, 0.002791190860978075, 0.005048655044719608, 3.906473487030935e-11, 1.8775586164328277e-06, 0.0014050602409166031, 1.4826447806467796e-06, 0.001244731627962641, -678.5309050868082, -24.451777944920963, -17.285955763927007, 6.103132255268924e-07, 0.0029690047037608676, -0.01414544376262574, 0.001244731627962641, 7.8608583704900825]}, "errorbars": 1, "flatchain": null, "ier": 2, "init_values": {"__class__": "Dict", "fr": 7096402094.0969715, "Ql": 15139.485463572142, "Qe": 17800.64867169407, "A": 0.015171607682319397, "theta": -0.0633671513555063, "phi_v": -10943.271991958569, "phi_0": 1.539718654581379, "alpha": 56.78165742252529}, "lmdif_message": "The relative error between two consecutive iterates is at most 0.000000", "message": "Fit succeeded.", "method": "leastsq", "nan_policy": "raise", "ndata": 80, "nfev": 172, "nfree": 72, "nvarys": 8, "redchi": 1.2070157095573415e-09, "residual": {"__class__": "NDArray", "__shape__": [80], "__dtype__": "float64", "value": [2.817460600238776e-05, 1.484490935381097e-05, -1.0030191636353769e-05, -1.3487228813731378e-05, 3.247185999495639e-05, -2.0513797217043897e-05, -7.4398788972246735e-06, 7.331234662573405e-08, 2.683529432359784e-06, 2.046937534643488e-05, -1.7365763928104024e-05, 3.1951842269194175e-06, -5.328050163441408e-06, -2.0030856349842474e-05, 1.981778810297469e-05, -4.959273606638254e-05, -9.525995861293848e-06, 2.0025499575335864e-05, -2.1256536854048075e-06, -7.934930913834973e-06, 3.4419746444403626e-05, 2.77874450156472e-05, -1.1557419568134289e-05, 2.3973197921788383e-05, 9.06963192460336e-06, -4.511911047574632e-06, 2.0215439799926155e-05, -1.2011890233034131e-05, 3.475557269899329e-05, 6.320801509925901e-06, 1.405586738728419e-05, -1.1596789958861348e-05, 5.227751891786689e-06, -4.2212209944269457e-05, 1.8248829376912856e-05, -2.864216779811568e-05, -1.4682000549569307e-05, -2.595044571035692e-05, 1.7073629405043103e-05, -1.4803439093899994e-05, 6.114286250898798e-05, -1.3167787630654834e-05, 7.629755994863728e-05, 2.0237199776333703e-05, 2.7319968664925656e-05, -2.2745574933463047e-05, 5.040236870769172e-05, -9.765623296117965e-06, 1.3669110662942359e-05, -6.879559166483862e-05, 2.7029811349597345e-05, 1.0481010321911413e-05, 0.00012411642681881712, 2.3382422530428574e-05, 4.260112511990724e-05, -1.9846336151902767e-06, -2.3440526178263726e-05, 8.160506869433603e-05, 3.0403537752164873e-05, 7.796946212828247e-05, 3.726077875031066e-05, 2.663403226027712e-05, 3.8928769413257205e-05, 8.690496966289735e-06, -1.3172442487498074e-06, -2.0702617401373996e-05, 1.3477252200796725e-05, -4.431448078469e-05, -2.158971476012503e-05, -4.154133061477078e-05, -8.938277500734199e-06, 2.7268269309609766e-06, -2.3916107567131112e-05, 1.6214929054476218e-05, -8.384212751568268e-06, 4.089004056543645e-05, -2.5434107390949826e-05, 1.691321485700406e-05, -3.0710559388996694e-06, 7.992203094710562e-05]}, "rsquared": -86905130.08812858, "scale_covar": 1, "calc_covar": 1, "success": 1, "userargs": {"__class__": "Tuple", "value": [{"__class__": "NDArray", "__shape__": [40], "__dtype__": "complex128", "value": [[0.011688330280879794, 0.010335107219120208, 0.008687462132560608, 0.0069399752782272825, 0.004995601234752841, 0.002973270895193423, 0.0008520877541829498, -0.0013056837416417302, -0.0033879754122839822, -0.0054411017003732605, -0.007412805658814728, -0.009147679554874513, -0.010752596096230766, -0.012111138907070561, -0.013198024762800745, -0.01393861449539341, -0.014345769199209208, -0.014396027162940434, -0.013987247200552638, -0.013192111061442812, -0.0119130305973681, -0.010053654702861655, -0.007522433863771678, -0.004463940954464615, -0.0011161092023006221, 0.000802654585025341, -0.0016241263057408712, -0.006443638938080119, -0.008474222172977986, -0.007600365829281419, -0.005325763801161, -0.0026164068344108763, 0.0001907965544088889, 0.0028441877714528866, 0.005373264896036883, 0.007634692931443117, 0.009670529960479513, 0.011396033305218002, 0.012852663160360434, 0.01395150009923058], [-0.008979950950037403, -0.010528043552206734, -0.011885359100207622, -0.013029016954117309, -0.013906517517060029, -0.014460680120679654, -0.014708922355886661, -0.01464226826796837, -0.01436355580384404, -0.013679363330865292, -0.01276030519128603, -0.011518439236535172, -0.009989666423042868, -0.00824622327453285, -0.0063248746617573, -0.004200675423924493, -0.001939673352486109, 0.00035269601856375193, 0.0026750037450003037, 0.004939099735321505, 0.007072018323785572, 0.008897607934725363, 0.010296615354596667, 0.010715309966757755, 0.009529522946594867, 0.005803929853043326, 0.0016823987490267767, 0.0021476728162593117, 0.006081549528463911, 0.009894025078621152, 0.012485657185534474, 0.013931377759373472, 0.01454908127032319, 0.01451910629980612, 0.01395271084351719, 0.012927490592177576, 0.011587139537757236, 0.009950006452373138, 0.008130668606592726, 0.006045531689858634]]}, null]}, "userkws": {"__class__": "Dict", "f": {"__class__": "NDArray", "__shape__": [40], "__dtype__": "float64", "value": [7093796170.530159, 7093896170.530159, 7093996170.530159, 7094096170.530159, 7094196170.530159, 7094296170.530159, 7094396170.530159, 7094496170.530159, 7094596170.530159, 7094696170.530159, 7094796170.530159, 7094896170.530159, 7094996170.530159, 7095096170.530159, 7095196170.530159, 7095296170.530159, 7095396170.530159, 7095496170.530159, 7095596170.530159, 7095696170.530159, 7095796170.530159, 7095896170.530159, 7095996170.530159, 7096096170.530159, 7096196170.530159, 7096296170.530159, 7096396170.530159, 7096496170.530159, 7096596170.530159, 7096696170.530159, 7096796170.530159, 7096896170.530159, 7096996170.530159, 7097096170.530159, 7097196170.530159, 7097296170.530159, 7097396170.530159, 7097496170.530159, 7097596170.530159, 7097696170.530159]}}, "values": {"__class__": "Dict", "fr": 7096403845.696798, "Ql": 15170.640285544472, "Qe": 17747.469916268605, "A": 0.015171032000086772, "theta": -0.07036620156993223, "phi_v": -9907.84697103403, "phi_0": 2.065435183255134, "alpha": 50.2070163787647, "Qi": 102984.75922901559, "Qc": 17791.498177673857}, "var_names": {"__class__": "List", "value": ["fr", "Ql", "Qe", "A", "theta", "phi_v", "phi_0", "alpha"]}, "weights": null, "user_options": null}