{"__class__": "lmfit.ModelResult", "__version__": "1", "model": {"__class__": "Tuple", "value": [{"__class__": "Tuple", "value": ["hanger_func_complex_SI", {"__class__": "Callable", "__name__": "hanger_func_complex_SI", "pyversion": "3.9", "value": "gASVVAAAAAAAAACMNXN1cGVyY29uZHVjdGluZ19xdWJpdF90b29scy5mdW5jdGlvbmFscy5waHlzaWNzX2Jhc2VklIwWaGFuZ2VyX2Z1bmNfY29tcGxleF9TSZSTlC4=", "importer": "superconducting_qubit_tools.functionals.physics_based"}, "hanger_func_complex_SI", "", {"__class__": "List", "value": ["f"]}, {"__class__": "List", "value": ["fr", "Ql", "Qe", "A", "theta", "phi_v", "phi_0", "alpha"]}, {"__class__": "Dict", "Ql": {"__class__": "Dict", "min": 1419.1621518182144, "value": 34510.93730130843}, "Qe": {"__class__": "Dict", "min": 1419.1621518182144, "value": 27716.693801507998}, "Qi": {"__class__": "Dict", "expr": "1./(1./Ql-1./Qe*cos(theta))", "vary": 0}, "Qc": {"__class__": "Dict", "expr": "Qe/cos(theta)", "vary": 0}, "fr": {"__class__": "Dict", "value": 7095810759.091072, "min": 7095596170.530159, "max": 7096096170.530159}, "A": {"__class__": "Dict", "value": 0.10771851548645778, "min": 0.054958783530933836, "max": 0.10991756706186767}, "alpha": {"__class__": "Dict", "value": 126.81384473898794}, "phi_0": {"__class__": "Dict", "value": 2.612983799391979, "min": 1.9846652686740205, "max": 3.2413023301099377}, "phi_v": {"__class__": "Dict", "value": -10382.436625558063}, "theta": {"__class__": "Dict", "value": 0.18731281125062882, "min": -6.283185307179586, "max": 6.283185307179586}}, "raise", {"__class__": "Dict"}]}, null, null]}, "params": [["fr", 7095845901.003064, true, null, 7095596170.530159, 7096096170.530159, null, 8924.093336875605, {"Ql": 0.0005426074179392023, "Qe": -0.005135645403031515, "A": -0.03362792059133781, "theta": -0.7970700634666742, "phi_v": -0.012567190614105229, "phi_0": -0.9239033987624332, "alpha": -0.37922565664692387}, 7095810759.091072, null], ["Ql", 21866.53516475326, true, null, 1419.1621518182144, Infinity, null, 1202.7780621086938, {"fr": 0.0005426074179392023, "Qe": 0.7970934036638041, "A": -0.3899271840814758, "theta": -0.006402993513696076, "phi_v": 0.37931035710321986, "phi_0": 0.014526923723542166, "alpha": -0.013913131517574315}, 27716.693801507998, null], ["Qe", 31876.96737209728, true, null, 1419.1621518182144, Infinity, null, 1355.4628453139765, {"fr": -0.005135645403031515, "Ql": 0.7970934036638041, "A": -0.37891233871055613, "theta": -0.0007261875212673924, "phi_v": 0.5039397899849192, "phi_0": 0.025141716414903384, "alpha": -0.00494418123064451}, 34510.93730130843, null], ["A", 0.10862012935692894, true, null, 0.054958783530933836, 0.10991756706186767, null, 0.0007176158542685672, {"fr": -0.03362792059133781, "Ql": -0.3899271840814758, "Qe": -0.37891233871055613, "theta": 0.050230560756699905, "phi_v": -0.18546254531409034, "phi_0": 0.02527464849693037, "alpha": 0.09155533235945046}, 0.10771851548645778, null], ["theta", -0.04467950959939948, true, null, -6.283185307179586, 6.283185307179586, null, 0.042517596240658095, {"fr": -0.7970700634666742, "Ql": -0.006402993513696076, "Qe": -0.0007261875212673924, "A": 0.050230560756699905, "phi_v": 0.003428213077752452, "phi_0": 0.7647062012970357, "alpha": 0.5038430580312517}, 0.18731281125062882, null], ["phi_v", -9630.972667827322, true, null, -Infinity, Infinity, null, 40.73947455943411, {"fr": -0.012567190614105229, "Ql": 0.37931035710321986, "Qe": 0.5039397899849192, "A": -0.18546254531409034, "theta": 0.003428213077752452, "phi_0": 0.04636255434157368, "alpha": -0.0005756066997258828}, -10382.436625558063, null], ["phi_0", 2.8972331333604986, true, null, 1.9846652686740205, 3.2413023301099377, null, 0.015896401567370873, {"fr": -0.9239033987624332, "Ql": 0.014526923723542166, "Qe": 0.025141716414903384, "A": 0.02527464849693037, "theta": 0.7647062012970357, "phi_v": 0.04636255434157368, "alpha": 0.36593790217455036}, 2.612983799391979, null], ["alpha", 22.87046137968764, true, null, -Infinity, Infinity, null, 40.71158244817614, {"fr": -0.37922565664692387, "Ql": -0.013913131517574315, "Qe": -0.00494418123064451, "A": 0.09155533235945046, "theta": 0.5038430580312517, "phi_v": -0.0005756066997258828, "phi_0": 0.36593790217455036}, 126.81384473898794, null], ["Qi", 69479.78128105642, false, "1./(1./Ql-1./Qe*cos(theta))", -Infinity, Infinity, null, 8021.9307338330245, null, 131408.34874035776, null], ["Qc", 31908.811193223206, false, "Qe/cos(theta)", -Infinity, Infinity, null, 1358.216047844425, null, 35125.34318355897, null]], "unique_symbols": {"False": 0, "little_endian": 1, "phi_0": 2.8972331333604986, "Inf": Infinity, "e": 2.718281828459045, "True": 1, "infty": Infinity, "loggammafcn": {"__class__": "Callable", "__name__": "loggamma", "pyversion": "3.9", "value": "gASVJgAAAAAAAACMFXNjaXB5LnNwZWNpYWwuX3VmdW5jc5SMCGxvZ2dhbW1hlJOULg==", "importer": "scipy.special._ufuncs"}, "fr": 7095845901.003064, "newaxis": null, "wofz": {"__class__": "Callable", "__name__": "wofz", "pyversion": "3.9", "value": "gASVIgAAAAAAAACMFXNjaXB5LnNwZWNpYWwuX3VmdW5jc5SMBHdvZnqUk5Qu", "importer": "scipy.special._ufuncs"}, "None": null, "A": 0.10862012935692894, "nan": NaN, "erf": {"__class__": "Callable", "__name__": "erf", "pyversion": "3.9", "value": "gASVIQAAAAAAAACMFXNjaXB5LnNwZWNpYWwuX3VmdW5jc5SMA2VyZpSTlC4=", "importer": "scipy.special._ufuncs"}, "theta": -0.04467950959939948, "inf": Infinity, "NAN": NaN, "phi_v": -9630.972667827322, "Ql": 21866.53516475326, "alpha": 22.87046103889121, "gamfcn": {"__class__": "Callable", "__name__": "gamma", "pyversion": "3.9", "value": "gASVIwAAAAAAAACMFXNjaXB5LnNwZWNpYWwuX3VmdW5jc5SMBWdhbW1hlJOULg==", "importer": "scipy.special._ufuncs"}, "erfc": {"__class__": "Callable", "__name__": "erfc", "pyversion": "3.9", "value": "gASVIgAAAAAAAACMFXNjaXB5LnNwZWNpYWwuX3VmdW5jc5SMBGVyZmOUk5Qu", "importer": "scipy.special._ufuncs"}, "betalnfnc": {"__class__": "Callable", "__name__": "betaln", "pyversion": "3.9", "value": "gASVJAAAAAAAAACMFXNjaXB5LnNwZWNpYWwuX3VmdW5jc5SMBmJldGFsbpSTlC4=", "importer": "scipy.special._ufuncs"}, "Qc": 31908.811193223206, "Qi": 69479.78128105642, "Qe": 31876.96737209728, "pi": 3.141592653589793}, "aborted": 0, "aic": -880.0714041853164, "best_values": {"__class__": "Dict", "fr": 7095845901.003064, "Ql": 21866.53516475326, "Qe": 31876.96737209728, "A": 0.10862012935692894, "theta": -0.04467950959939948, "phi_v": -9630.972667827322, "phi_0": 2.8972331333604986, "alpha": 22.87046137968764}, "bic": -861.0151911079254, "chisqr": 0.0010929597260366708, "ci_out": null, "col_deriv": 0, "covar": {"__class__": "NDArray", "__shape__": [8, 8], "__dtype__": "float64", "value": [79639441.88526759, 5824.187244049225, -62122.18909279928, -0.21535558645956296, -302.43308910808094, -4568.963931029624, -131.0658335428994, -137777.97567929287, 5824.187244049225, 1446675.0666899448, 1299518.0945068041, -0.3365588667553396, -0.3274441708673296, 18586.4147008627, 0.27775250190873935, -681.2842865672804, -62122.18909279928, 1299518.0945068041, 1837279.5250266609, -0.368568648607736, -0.041850928997056495, 27827.98058001895, 0.5417281034673893, -272.8349376762111, -0.21535558645956296, -0.3365588667553396, -0.368568648607736, 5.149725142976055e-07, 1.5325997660648033e-06, -0.005422051822816331, 2.8832080018182316e-07, 0.0026748143972807003, -302.43308910808094, -0.3274441708673296, -0.041850928997056495, 1.5325997660648033e-06, 0.0018077459900836235, 0.00593816053158752, 0.00051684716767108, 0.8721314868699015, -4568.963931029624, 18586.4147008627, 27827.98058001895, -0.005422051822816331, 0.00593816053158752, 1659.704787378779, 0.030024902369888994, -0.9546831275581309, -131.0658335428994, 0.27775250190873935, 0.5417281034673893, 2.8832080018182316e-07, 0.00051684716767108, 0.030024902369888994, 0.00025269558279111115, 0.2368231769678208, -137777.97567929287, -681.2842865672804, -272.8349376762111, 0.0026748143972807003, 0.8721314868699015, -0.9546831275581309, 0.2368231769678208, 1657.4329454346434]}, "errorbars": 1, "flatchain": null, "ier": 1, "init_values": {"__class__": "Dict", "fr": 7095810759.091072, "Ql": 27716.693801507998, "Qe": 34510.93730130843, "A": 0.10771851548645778, "theta": 0.18731281125062882, "phi_v": -10382.436625558063, "phi_0": 2.612983799391979, "alpha": 126.81384473898794}, "lmdif_message": "Both actual and predicted relative reductions in the sum of squares\n  are at most 0.000000", "message": "Fit succeeded.", "method": "leastsq", "nan_policy": "raise", "ndata": 80, "nfev": 64, "nfree": 72, "nvarys": 8, "redchi": 1.5179996194953762e-05, "residual": {"__class__": "NDArray", "__shape__": [80], "__dtype__": "float64", "value": [0.00024451218109752815, -0.001024911822134919, 0.0002868187725190291, -0.0007789455986099286, 0.00041219768401794254, -0.0005107741676101951, 0.000694978953157982, -0.00037632436315485074, 0.0009921532235277614, -0.00029508979907307, 0.001332021388730193, -0.0002615568285210118, 0.0016108199615006398, -0.00041817527158044543, 0.0019368692210103532, -0.0005734174604582476, 0.002182183271614114, -0.0008931057617724836, 0.0023501127344725467, -0.0012169865851069245, 0.0023931522416784576, -0.0015997529697203, 0.0023405999767983215, -0.001956042581872125, 0.0021472512349023642, -0.002160631265876317, 0.0019738715348004143, -0.002180226500435714, 0.001816082509551023, -0.0018448917136221835, 0.0019058777859016496, -0.000991787527592665, 0.002807461736505326, 0.0004644650126093171, 0.005014416544406264, 0.002264979738544877, 0.009939665761988375, 0.0039887335791483555, 0.01807926400369421, 0.0028211520735050497, -0.002609334688488514, 0.014614133975120557, 0.002741626205432654, 0.008263117184956835, -0.0038822842999899076, 0.003092987727839133, -0.004452419479241729, 0.006249256716466527, -0.002416744577178817, 0.006419092011862457, -0.0008136457724039897, 0.00509853028717145, 0.00016311355881018508, 0.0035260302470395966, 0.00041827726005385507, 0.002385625089734597, 0.0003809914378727214, 0.0013169446441111954, -4.3723368962515774e-05, 0.0007036624373844141, 8.185051482947209e-05, 0.00039705330259143246, -0.00039428491960695055, 0.00011461472917538573, -0.0006285751294950962, 0.00017118755578195144, -0.0006855641065552261, 0.00012510917058111692, -0.0012218909754801374, 0.00026811613675115087, -0.001685038987081472, 0.0005893668645867434, -0.0021637238382242463, 0.0011141261425902105, -0.0025536578287315287, 0.0017594883011975843, -0.0027652708842966084, 0.0026920671341404342, -0.0028239878016747683, 0.0038132983168725765]}, "rsquared": -1092959726035.6707, "scale_covar": 1, "calc_covar": 1, "success": 1, "userargs": {"__class__": "Tuple", "value": [{"__class__": "NDArray", "__shape__": [40], "__dtype__": "complex128", "value": [[0.08468742969179363, 0.07476485667859979, 0.06329498431154967, 0.050410314339105255, 0.036485724512052696, 0.02174611784204018, 0.006565905505293572, -0.008879043586555772, -0.024166673623939, -0.03899942739660938, -0.053023873243904944, -0.06595791031129779, -0.0774347716360833, -0.08727063489204856, -0.09506402006461437, -0.10053179010298989, -0.10345636102613964, -0.10293590491611201, -0.09761280930840102, -0.0833003722220208, -0.033276810385625306, -0.04978049372461987, -0.07629058465179607, -0.08840649807645336, -0.0895323420730986, -0.08384243131860268, -0.07413308645750641, -0.061618194714254095, -0.04743099121332284, -0.03195004658589554, -0.0164919370978299, -0.00024072730768349193, 0.015646905091196733, 0.03093869941387166, 0.04601000392151624, 0.060044354221211675, 0.07288684421943699, 0.08421327782702201, 0.09374127104833292, 0.10133365817831734], [-0.06461156516920723, -0.0759455056537578, -0.08584411841738672, -0.09395632268163014, -0.10019509930929789, -0.10442869328590622, -0.10640956432527021, -0.1062574424725017, -0.1037681939032349, -0.09909637674798488, -0.0922120980922921, -0.08325239733689929, -0.07241563784511251, -0.0598223093961819, -0.04573488582281237, -0.030408895413352614, -0.014044268944930795, 0.0033245422035295623, 0.020833619833807847, 0.03517669328876858, 0.009892162775841927, -0.018369579052424274, -0.007717899085838283, 0.013184825843173684, 0.03561049760558514, 0.055509076616504345, 0.07205895685998182, 0.08506705667545114, 0.09519791539447973, 0.10224386851614023, 0.10646479914394541, 0.1082300508962239, 0.1073111930068202, 0.10424960504558883, 0.098874187370714, 0.09134111776570895, 0.08179641856317935, 0.07051972666984078, 0.05756481534047539, 0.04327153828392159]]}, null]}, "userkws": {"__class__": "Dict", "f": {"__class__": "NDArray", "__shape__": [40], "__dtype__": "float64", "value": [7093796170.530159, 7093896170.530159, 7093996170.530159, 7094096170.530159, 7094196170.530159, 7094296170.530159, 7094396170.530159, 7094496170.530159, 7094596170.530159, 7094696170.530159, 7094796170.530159, 7094896170.530159, 7094996170.530159, 7095096170.530159, 7095196170.530159, 7095296170.530159, 7095396170.530159, 7095496170.530159, 7095596170.530159, 7095696170.530159, 7095796170.530159, 7095896170.530159, 7095996170.530159, 7096096170.530159, 7096196170.530159, 7096296170.530159, 7096396170.530159, 7096496170.530159, 7096596170.530159, 7096696170.530159, 7096796170.530159, 7096896170.530159, 7096996170.530159, 7097096170.530159, 7097196170.530159, 7097296170.530159, 7097396170.530159, 7097496170.530159, 7097596170.530159, 7097696170.530159]}}, "values": {"__class__": "Dict", "fr": 7095845901.003064, "Ql": 21866.53516475326, "Qe": 31876.96737209728, "A": 0.10862012935692894, "theta": -0.04467950959939948, "phi_v": -9630.972667827322, "phi_0": 2.8972331333604986, "alpha": 22.87046137968764, "Qi": 69479.78128105642, "Qc": 31908.811193223206}, "var_names": {"__class__": "List", "value": ["fr", "Ql", "Qe", "A", "theta", "phi_v", "phi_0", "alpha"]}, "weights": null, "user_options": null}