{"__class__": "lmfit.ModelResult", "__version__": "1", "model": {"__class__": "Tuple", "value": [{"__class__": "Tuple", "value": ["hanger_func_complex_SI", {"__class__": "Callable", "__name__": "hanger_func_complex_SI", "pyversion": "3.9", "value": "gASVVAAAAAAAAACMNXN1cGVyY29uZHVjdGluZ19xdWJpdF90b29scy5mdW5jdGlvbmFscy5waHlzaWNzX2Jhc2VklIwWaGFuZ2VyX2Z1bmNfY29tcGxleF9TSZSTlC4=", "importer": "superconducting_qubit_tools.functionals.physics_based"}, "hanger_func_complex_SI", "", {"__class__": "List", "value": ["f"]}, {"__class__": "List", "value": ["fr", "Ql", "Qe", "A", "theta", "phi_v", "phi_0", "alpha"]}, {"__class__": "Dict", "Ql": {"__class__": "Dict", "min": 1182.731798361464, "value": 17701.381993173185}, "Qe": {"__class__": "Dict", "min": 1182.731798361464, "value": 15106.06024913103}, "Qi": {"__class__": "Dict", "expr": "1./(1./Ql-1./Qe*cos(theta))", "vary": 0}, "Qc": {"__class__": "Dict", "expr": "Qe/cos(theta)", "vary": 0}, "fr": {"__class__": "Dict", "value": 7096390790.168783, "min": 7096096170.530159, "max": 7096696170.530159}, "A": {"__class__": "Dict", "value": 0.022091044919065925, "min": 0.011032810631078424, "max": 0.02206562126215685}, "alpha": {"__class__": "Dict", "value": 62.18535081902309}, "phi_0": {"__class__": "Dict", "value": 1.5775084013806016, "min": 0.9491898706626429, "max": 2.20582693209856}, "phi_v": {"__class__": "Dict", "value": -10889.230503877028}, "theta": {"__class__": "Dict", "value": -0.05132211839604928, "min": -6.283185307179586, "max": 6.283185307179586}}, "raise", {"__class__": "Dict"}]}, null, null]}, "params": [["fr", 7096394303.197007, true, null, 7096096170.530159, 7096696170.530159, null, 905.7949671321877, {"Ql": 0.00045873557953007236, "Qe": -0.037583516408295006, "A": -0.12031631371050264, "theta": -0.825118268809663, "phi_v": -0.21773263566183118, "phi_0": -0.9191470230329571, "alpha": -0.4006934584765044}, 7096390790.168783, null], ["Ql", 15236.421485882725, true, null, 1182.731798361464, Infinity, null, 59.364064347386105, {"fr": 0.00045873557953007236, "Qe": 0.8257225308629745, "A": -0.5022080232045619, "theta": -0.03881845363013781, "phi_v": 0.40315215205866156, "phi_0": 0.057527835050340974, "alpha": -0.22044919364393128}, 15106.06024913103, null], ["Qe", 17725.457666768, true, null, 1182.731798361464, Infinity, null, 53.39256162072371, {"fr": -0.037583516408295006, "Ql": 0.8257225308629745, "A": -0.4435948724448872, "theta": -0.0007899137087355188, "phi_v": 0.5328289032864127, "phi_0": 0.11456269454310077, "alpha": -0.1725003974004253}, 17701.381993173185, null], ["A", 0.02205826711984854, true, null, 0.011032810631078424, 0.02206562126215685, null, 2.439213792203435e-06, {"fr": -0.12031631371050264, "Ql": -0.5022080232045619, "Qe": -0.4435948724448872, "theta": 0.1897140148326757, "phi_v": -0.19533690349951183, "phi_0": 0.08149584063083182, "alpha": 0.5587787357225624}, 0.02206562126215685, null], ["theta", -0.06469329831394433, true, null, -6.283185307179586, 6.283185307179586, null, 0.0030049627074409044, {"fr": -0.825118268809663, "Ql": -0.03881845363013781, "Qe": -0.0007899137087355188, "A": 0.1897140148326757, "phi_v": 0.16951712615895492, "phi_0": 0.7713774569067068, "alpha": 0.5301773045800057}, -0.05132211839604928, null], ["phi_v", -9902.01146893388, true, null, -Infinity, Infinity, null, 4.287023859147852, {"fr": -0.21773263566183118, "Ql": 0.40315215205866156, "Qe": 0.5328289032864127, "A": -0.19533690349951183, "theta": 0.16951712615895492, "phi_0": 0.40392736676195945, "alpha": -0.0017727657318542618}, -10889.230503877028, null], ["phi_0", 2.0823894562319225, true, null, 0.9491898706626429, 2.20582693209856, null, 0.001827795221864045, {"fr": -0.9191470230329571, "Ql": 0.057527835050340974, "Qe": 0.11456269454310077, "A": 0.08149584063083182, "theta": 0.7713774569067068, "phi_v": 0.40392736676195945, "alpha": 0.3640999807815711}, 1.5775084013806016, null], ["alpha", 50.649694234678634, true, null, -Infinity, Infinity, null, 4.242732225290509, {"fr": -0.4006934584765044, "Ql": -0.22044919364393128, "Qe": -0.1725003974004253, "A": 0.5587787357225624, "theta": 0.5301773045800057, "phi_v": -0.0017727657318542618, "phi_0": 0.3640999807815711}, 62.18535081902309, null], ["Qi", 107133.00124777935, false, "1./(1./Ql-1./Qe*cos(theta))", -Infinity, Infinity, null, 1719.3110841461357, null, 102247.22426475972, null], ["Qc", 17762.614955726367, false, "Qe/cos(theta)", -Infinity, Infinity, null, 53.61883412719122, null, 17724.719970149334, null]], "unique_symbols": {"False": 0, "little_endian": 1, "phi_0": 2.0823894562319225, "Inf": Infinity, "e": 2.718281828459045, "True": 1, "infty": Infinity, "loggammafcn": {"__class__": "Callable", "__name__": "loggamma", "pyversion": "3.9", "value": "gASVJgAAAAAAAACMFXNjaXB5LnNwZWNpYWwuX3VmdW5jc5SMCGxvZ2dhbW1hlJOULg==", "importer": "scipy.special._ufuncs"}, "fr": 7096394303.197007, "newaxis": null, "wofz": {"__class__": "Callable", "__name__": "wofz", "pyversion": "3.9", "value": "gASVIgAAAAAAAACMFXNjaXB5LnNwZWNpYWwuX3VmdW5jc5SMBHdvZnqUk5Qu", "importer": "scipy.special._ufuncs"}, "None": null, "A": 0.02205826711984854, "nan": NaN, "erf": {"__class__": "Callable", "__name__": "erf", "pyversion": "3.9", "value": "gASVIQAAAAAAAACMFXNjaXB5LnNwZWNpYWwuX3VmdW5jc5SMA2VyZpSTlC4=", "importer": "scipy.special._ufuncs"}, "theta": -0.06469329831394433, "inf": Infinity, "NAN": NaN, "phi_v": -9902.01146893388, "Ql": 15236.421485882725, "alpha": 50.64969347993938, "gamfcn": {"__class__": "Callable", "__name__": "gamma", "pyversion": "3.9", "value": "gASVIwAAAAAAAACMFXNjaXB5LnNwZWNpYWwuX3VmdW5jc5SMBWdhbW1hlJOULg==", "importer": "scipy.special._ufuncs"}, "erfc": {"__class__": "Callable", "__name__": "erfc", "pyversion": "3.9", "value": "gASVIgAAAAAAAACMFXNjaXB5LnNwZWNpYWwuX3VmdW5jc5SMBGVyZmOUk5Qu", "importer": "scipy.special._ufuncs"}, "betalnfnc": {"__class__": "Callable", "__name__": "betaln", "pyversion": "3.9", "value": "gASVJAAAAAAAAACMFXNjaXB5LnNwZWNpYWwuX3VmdW5jc5SMBmJldGFsbpSTlC4=", "importer": "scipy.special._ufuncs"}, "Qc": 17762.614955726367, "Qi": 107133.00124777935, "Qe": 17725.457666768, "pi": 3.141592653589793}, "aborted": 0, "aic": -1508.8481860341133, "best_values": {"__class__": "Dict", "fr": 7096394303.197007, "Ql": 15236.421485882725, "Qe": 17725.457666768, "A": 0.02205826711984854, "theta": -0.06469329831394433, "phi_v": -9902.01146893388, "phi_0": 2.0823894562319225, "alpha": 50.649694234678634}, "bic": -1489.7919729567222, "chisqr": 4.218670201272094e-07, "ci_out": null, "col_deriv": 0, "covar": {"__class__": "NDArray", "__shape__": [8, 8], "__dtype__": "float64", "value": [820464.5224820011, 24.666978527458426, -1817.6408400731368, -0.00026583018144335935, -2.2458729933955004, -845.4916708162023, -1.5217469006341224, -1539.8831910982562, 24.666978527458426, 3524.0921358405976, 2617.209691008455, -7.272054764985134e-05, -0.006924699705629396, 102.60027153654163, 0.006242078058931068, -55.523618872226685, -1817.6408400731368, 2617.209691008455, 2850.7656364227787, -5.777196534091793e-05, -0.00012673585385505377, 121.96197069430455, 0.01118025000444362, -39.076573980140935, -0.00026583018144335935, -7.272054764985134e-05, -5.777196534091793e-05, 5.949763924075461e-12, 1.3905556326250707e-09, -2.0426316953447806e-06, 3.6333969606918853e-10, 5.7827625582187715e-06, -2.2458729933955004, -0.006924699705629396, -0.00012673585385505377, 1.3905556326250707e-09, 9.02980087311057e-06, 0.002183778411558349, 4.236757110587051e-06, 0.006759364121559118, -845.4916708162023, 102.60027153654163, 121.96197069430455, -2.0426316953447806e-06, 0.002183778411558349, 18.378573568902944, 0.003165094757558125, -0.03224429392285022, -1.5217469006341224, 0.006242078058931068, 0.01118025000444362, 3.6333969606918853e-10, 4.236757110587051e-06, 0.003165094757558125, 3.3408353730690333e-06, 0.0028235391663415472, -1539.8831910982562, -55.523618872226685, -39.076573980140935, 5.7827625582187715e-06, 0.006759364121559118, -0.03224429392285022, 0.0028235391663415472, 18.000776735518556]}, "errorbars": 1, "flatchain": null, "ier": 2, "init_values": {"__class__": "Dict", "fr": 7096390790.168783, "Ql": 15106.06024913103, "Qe": 17701.381993173185, "A": 0.02206562126215685, "theta": -0.05132211839604928, "phi_v": -10889.230503877028, "phi_0": 1.5775084013806016, "alpha": 62.18535081902309}, "lmdif_message": "The relative error between two consecutive iterates is at most 0.000000", "message": "Fit succeeded.", "method": "leastsq", "nan_policy": "raise", "ndata": 80, "nfev": 217, "nfree": 72, "nvarys": 8, "redchi": 5.859264168433464e-09, "residual": {"__class__": "NDArray", "__shape__": [80], "__dtype__": "float64", "value": [8.871082380170967e-05, -1.085171594332815e-05, -9.553585220936633e-06, -4.899907230305686e-06, 8.297869865635243e-07, -9.86080425046526e-06, 4.3048477569676905e-05, 1.5502936482007096e-05, -1.4880777513315117e-05, -4.327175105092035e-05, 1.4596855854191737e-05, 5.608613307939853e-06, 3.74959085125753e-05, -7.012199769181049e-06, 5.759684707519301e-05, 5.108626137034777e-06, 2.762314301975148e-05, 1.7738451050811066e-05, 3.1451988728864455e-05, 2.55749926264294e-05, 3.9303712161936274e-05, 1.1789962075008098e-05, 1.9180380953604317e-05, -2.3818218414361353e-05, 1.908275601392173e-05, -3.5171591966814617e-05, 2.9506287399144737e-05, -3.2374274119856966e-05, -1.4924829168250914e-05, -2.578765719927177e-05, 1.2815118872328002e-08, 1.7474787774022192e-05, 2.474951102529252e-05, -1.797310830994013e-05, -5.2716955113961406e-06, 2.006543541407474e-05, 1.4715159109290193e-05, -9.39597571665736e-06, 2.761459583982065e-05, 2.138128628822924e-05, 5.5862519951196954e-05, 4.7399995079881393e-05, 0.00014263588902712655, -1.4924823131742815e-05, 0.00016824858237342137, 8.693911857248285e-06, 0.00012206018258055246, -5.0303451926064086e-05, 6.25675705428915e-05, -0.0001164253309763729, 3.946863299402847e-05, 0.0001310175657203011, 0.0002949835819127046, 0.00011870311669095329, 4.041255932205751e-06, 3.3967330893935714e-06, -3.860684841020673e-05, 0.00023069762144033341, 3.608736972890089e-05, 0.00021649975495771114, 6.721089068873528e-05, 0.00010333869894256845, 6.501202543677566e-05, 2.9664963059040927e-05, 4.163945788986025e-05, -3.405589090258246e-05, -3.6490242825508966e-05, -1.0648692557489042e-05, -1.6223013846833508e-05, 2.5562814814715507e-05, -7.777084810284274e-05, -8.80049665787086e-06, -7.606805927701937e-05, 4.824223333267999e-05, -7.343324176482119e-05, 9.30977016067678e-05, -7.23886018609253e-05, 0.00011416584739468161, -1.6293500789001103e-05, 8.44726700532164e-05]}, "rsquared": -421867019.12720937, "scale_covar": 1, "calc_covar": 1, "success": 1, "userargs": {"__class__": "Tuple", "value": [{"__class__": "NDArray", "__shape__": [40], "__dtype__": "complex128", "value": [[0.016966273767632517, 0.015044429001950261, 0.012702836849658037, 0.010063912664207534, 0.007310982857440002, 0.00431267359388358, 0.0012230072543279787, -0.0018989411071270446, -0.00494128608796791, -0.007922604738355673, -0.010748149146903243, -0.013322227280490503, -0.01563123005846972, -0.017606740141823403, -0.019127494122496338, -0.020254773921249084, -0.020888350329750855, -0.020913779716696692, -0.020383998913711374, -0.01918382536753481, -0.017265514916073827, -0.014585626986996982, -0.01093530637203453, -0.00631971836882099, -0.0014047451419951459, 0.0011730631430904982, -0.0030319105035570347, -0.009842000047229942, -0.012482455269907187, -0.011035893084773447, -0.007718874276761726, -0.0037911286906143174, 0.00023021482943789788, 0.004165724433336127, 0.007755571999896953, 0.011113623726699898, 0.014045811789642617, 0.016575015934141426, 0.018671570152204445, 0.020253547731817905], [-0.013009756560668051, -0.01531021721955911, -0.017292035004541708, -0.018953950569812535, -0.020145508289570103, -0.021029738820816286, -0.021416544755377534, -0.021379497757293447, -0.020890262963425898, -0.019948152975390817, -0.018549673672123082, -0.016716545876492277, -0.0145251183968727, -0.01200360092513434, -0.00918769225925134, -0.006163930232314046, -0.00287840133093016, 0.0004463156591582224, 0.0038690098481581263, 0.007161154578823429, 0.01025313840566988, 0.01302588749351185, 0.014957517086265726, 0.015563243513754889, 0.013602859236172602, 0.007749012703422691, 0.0019592179008152168, 0.003297829975077853, 0.009038442845570493, 0.014475956978772292, 0.01817937233556348, 0.0202723662987184, 0.021167549882449926, 0.02106124965889488, 0.020210955211227562, 0.01882986505356543, 0.016856908189767036, 0.014481574479230274, 0.01179389003200186, 0.008895713668249266]]}, null]}, "userkws": {"__class__": "Dict", "f": {"__class__": "NDArray", "__shape__": [40], "__dtype__": "float64", "value": [7093796170.530159, 7093896170.530159, 7093996170.530159, 7094096170.530159, 7094196170.530159, 7094296170.530159, 7094396170.530159, 7094496170.530159, 7094596170.530159, 7094696170.530159, 7094796170.530159, 7094896170.530159, 7094996170.530159, 7095096170.530159, 7095196170.530159, 7095296170.530159, 7095396170.530159, 7095496170.530159, 7095596170.530159, 7095696170.530159, 7095796170.530159, 7095896170.530159, 7095996170.530159, 7096096170.530159, 7096196170.530159, 7096296170.530159, 7096396170.530159, 7096496170.530159, 7096596170.530159, 7096696170.530159, 7096796170.530159, 7096896170.530159, 7096996170.530159, 7097096170.530159, 7097196170.530159, 7097296170.530159, 7097396170.530159, 7097496170.530159, 7097596170.530159, 7097696170.530159]}}, "values": {"__class__": "Dict", "fr": 7096394303.197007, "Ql": 15236.421485882725, "Qe": 17725.457666768, "A": 0.02205826711984854, "theta": -0.06469329831394433, "phi_v": -9902.01146893388, "phi_0": 2.0823894562319225, "alpha": 50.649694234678634, "Qi": 107133.00124777935, "Qc": 17762.614955726367}, "var_names": {"__class__": "List", "value": ["fr", "Ql", "Qe", "A", "theta", "phi_v", "phi_0", "alpha"]}, "weights": null, "user_options": null}