{"__class__": "lmfit.ModelResult", "__version__": "1", "model": {"__class__": "Tuple", "value": [{"__class__": "Tuple", "value": ["hanger_func_complex_SI", {"__class__": "Callable", "__name__": "hanger_func_complex_SI", "pyversion": "3.9", "value": "gASVVAAAAAAAAACMNXN1cGVyY29uZHVjdGluZ19xdWJpdF90b29scy5mdW5jdGlvbmFscy5waHlzaWNzX2Jhc2VklIwWaGFuZ2VyX2Z1bmNfY29tcGxleF9TSZSTlC4=", "importer": "superconducting_qubit_tools.functionals.physics_based"}, "hanger_func_complex_SI", "", {"__class__": "List", "value": ["f"]}, {"__class__": "List", "value": ["fr", "Ql", "Qe", "A", "theta", "phi_v", "phi_0", "alpha"]}, {"__class__": "Dict", "Ql": {"__class__": "Dict", "min": 1419.2240607618116, "value": 65740.28327655276}, "Qe": {"__class__": "Dict", "min": 1419.2240607618116, "value": 22655.339450159518}, "Qi": {"__class__": "Dict", "expr": "1./(1./Ql-1./Qe*cos(theta))", "vary": 0}, "Qc": {"__class__": "Dict", "expr": "Qe/cos(theta)", "vary": 0}, "fr": {"__class__": "Dict", "value": 7096120303.809058, "min": 7095896170.530159, "max": 7096396170.530159}, "A": {"__class__": "Dict", "value": 0.06185674150179975, "min": 0.031601598480942836, "max": 0.06320319696188567}, "alpha": {"__class__": "Dict", "value": 34.745434793120126}, "phi_0": {"__class__": "Dict", "value": 2.0815561432675205, "min": 1.4532376125495619, "max": 2.709874673985479}, "phi_v": {"__class__": "Dict", "value": -10628.941363507322}, "theta": {"__class__": "Dict", "value": -0.04453255193542205, "min": -6.283185307179586, "max": 6.283185307179586}}, "raise", {"__class__": "Dict"}]}, null, null]}, "params": [["fr", 7096111346.634955, true, null, 7095896170.530159, 7096396170.530159, null, 16973.473192958914, {"Ql": 0.0018231736734692554, "Qe": 0.0031684801145176267, "A": -0.014804281472269457, "theta": -0.8094102838004296, "phi_v": -0.1608163238288167, "phi_0": -0.9496077420626869, "alpha": -0.36453185498864243}, 7096120303.809058, null], ["Ql", 19598.043833102754, true, null, 1419.2240607618116, Infinity, null, 1842.8877539911962, {"fr": 0.0018231736734692554, "Qe": 0.8106877239034233, "A": 0.4411344158838981, "theta": -0.001100122726437654, "phi_v": 0.36871919690632216, "phi_0": 0.0019481544562048243, "alpha": -0.1690018733867522}, 22655.339450159518, null], ["Qe", 36328.39018453726, true, null, 1419.2240607618116, Infinity, null, 2705.5807626832784, {"fr": 0.0031684801145176267, "Ql": 0.8106877239034233, "A": 0.46772296002726044, "theta": -0.0024721482784665085, "phi_v": 0.48711207572997933, "phi_0": 0.00430854947294606, "alpha": -0.1957760796554614}, 65740.28327655276, null], ["A", 0.06320319688484125, true, null, 0.031601598480942836, 0.06320319696188567, null, 0.00028304916621429207, {"fr": -0.014804281472269457, "Ql": 0.4411344158838981, "Qe": 0.46772296002726044, "theta": -0.0035199564952538907, "phi_v": 0.2231642432707559, "phi_0": 0.01534574968053406, "alpha": -0.3324156692699491}, 0.06185674150179975, null], ["theta", 0.13954283931126632, true, null, -6.283185307179586, 6.283185307179586, null, 0.07410437994829974, {"fr": -0.8094102838004296, "Ql": -0.001100122726437654, "Qe": -0.0024721482784665085, "A": -0.0035199564952538907, "phi_v": 0.18668426171269362, "phi_0": 0.8068039951405793, "alpha": 0.48184523962002995}, -0.04453255193542205, null], ["phi_v", -9507.15435933412, true, null, -Infinity, Infinity, null, 58.00139545085871, {"fr": -0.1608163238288167, "Ql": 0.36871919690632216, "Qe": 0.48711207572997933, "A": 0.2231642432707559, "theta": 0.18668426171269362, "phi_0": 0.24041049706586526, "alpha": -0.004867692307441771}, -10628.941363507322, null], ["phi_0", 2.513904876999688, true, null, 1.4532376125495619, 2.709874673985479, null, 0.028531216205102815, {"fr": -0.9496077420626869, "Ql": 0.0019481544562048243, "Qe": 0.00430854947294606, "A": 0.01534574968053406, "theta": 0.8068039951405793, "phi_v": 0.24041049706586526, "alpha": 0.3654919041990655}, 2.0815561432675205, null], ["alpha", 137.2972576584156, true, null, -Infinity, Infinity, null, 57.08450667296363, {"fr": -0.36453185498864243, "Ql": -0.1690018733867522, "Qe": -0.1957760796554614, "A": -0.3324156692699491, "theta": 0.48184523962002995, "phi_v": -0.004867692307441771, "phi_0": 0.3654919041990655}, 34.745434793120126, null], ["Qi", 42076.22981295594, false, "1./(1./Ql-1./Qe*cos(theta))", -Infinity, Infinity, null, 5985.6187770833285, null, 34550.17643307922, null], ["Qc", 36684.97969298327, false, "Qe/cos(theta)", -Infinity, Infinity, null, 2757.7554760168046, null, 65805.52354591235, null]], "unique_symbols": {"False": 0, "little_endian": 1, "phi_0": 2.513904876999688, "Inf": Infinity, "e": 2.718281828459045, "True": 1, "infty": Infinity, "loggammafcn": {"__class__": "Callable", "__name__": "loggamma", "pyversion": "3.9", "value": "gASVJgAAAAAAAACMFXNjaXB5LnNwZWNpYWwuX3VmdW5jc5SMCGxvZ2dhbW1hlJOULg==", "importer": "scipy.special._ufuncs"}, "fr": 7096111346.634955, "newaxis": null, "wofz": {"__class__": "Callable", "__name__": "wofz", "pyversion": "3.9", "value": "gASVIgAAAAAAAACMFXNjaXB5LnNwZWNpYWwuX3VmdW5jc5SMBHdvZnqUk5Qu", "importer": "scipy.special._ufuncs"}, "None": null, "A": 0.06320319688484125, "nan": NaN, "erf": {"__class__": "Callable", "__name__": "erf", "pyversion": "3.9", "value": "gASVIQAAAAAAAACMFXNjaXB5LnNwZWNpYWwuX3VmdW5jc5SMA2VyZpSTlC4=", "importer": "scipy.special._ufuncs"}, "theta": 0.13954283931126632, "inf": Infinity, "NAN": NaN, "phi_v": -9507.15435933412, "Ql": 19598.043833102754, "alpha": 137.29725561252704, "gamfcn": {"__class__": "Callable", "__name__": "gamma", "pyversion": "3.9", "value": "gASVIwAAAAAAAACMFXNjaXB5LnNwZWNpYWwuX3VmdW5jc5SMBWdhbW1hlJOULg==", "importer": "scipy.special._ufuncs"}, "erfc": {"__class__": "Callable", "__name__": "erfc", "pyversion": "3.9", "value": "gASVIgAAAAAAAACMFXNjaXB5LnNwZWNpYWwuX3VmdW5jc5SMBGVyZmOUk5Qu", "importer": "scipy.special._ufuncs"}, "betalnfnc": {"__class__": "Callable", "__name__": "betaln", "pyversion": "3.9", "value": "gASVJAAAAAAAAACMFXNjaXB5LnNwZWNpYWwuX3VmdW5jc5SMBmJldGFsbpSTlC4=", "importer": "scipy.special._ufuncs"}, "Qc": 36684.97969298327, "Qi": 42076.22981295594, "Qe": 36328.39018453726, "pi": 3.141592653589793}, "aborted": 0, "aic": -914.7065499797649, "best_values": {"__class__": "Dict", "fr": 7096111346.634955, "Ql": 19598.043833102754, "Qe": 36328.39018453726, "A": 0.06320319688484125, "theta": 0.13954283931126632, "phi_v": -9507.15435933412, "phi_0": 2.513904876999688, "alpha": 137.2972576584156}, "bic": -895.6503369023739, "chisqr": 0.0007088935100715625, "ci_out": null, "col_deriv": 0, "covar": {"__class__": "NDArray", "__shape__": [8, 8], "__dtype__": "float64", "value": [288098792.2320948, 57029.24787934928, 145506.43721645777, -0.0711246156330958, -1018.0833021217758, -158321.2796057174, -459.87018149384426, -353203.05930597585, 57029.24787934928, 3396235.2738107154, 4042155.188074923, 0.23010799347491256, -0.1502394200215672, 39412.41759327889, 0.10243362807710367, -17779.054251969523, 145506.43721645777, 4042155.188074923, 7320167.26340183, 0.3581880327327688, -0.49565432042001023, 76441.26065329043, 0.33259205553487514, -30236.9778799924, -0.0711246156330958, 0.23010799347491256, 0.3581880327327688, 8.011683049460594e-08, -7.383173148931142e-08, 0.003663742418905654, 1.2392823784229354e-07, -0.005371079978337204, -1018.0833021217758, -0.1502394200215672, -0.49565432042001023, -7.383173148931142e-08, 0.005491459127521968, 0.8023983495355372, 0.0017058160747032898, 2.0383075011254053, -158321.2796057174, 39412.41759327889, 76441.26065329043, 0.003663742418905654, 0.8023983495355372, 3364.161874246893, 0.3978433961281515, -16.116836966023985, -459.87018149384426, 0.10243362807710367, 0.33259205553487514, 1.2392823784229354e-07, 0.0017058160747032898, 0.3978433961281515, 0.0008140302981423215, 0.5952731563221519, -353203.05930597585, -17779.054251969523, -30236.9778799924, -0.005371079978337204, 2.0383075011254053, -16.116836966023985, 0.5952731563221519, 3258.640902095629]}, "errorbars": 1, "flatchain": null, "ier": 1, "init_values": {"__class__": "Dict", "fr": 7096120303.809058, "Ql": 22655.339450159518, "Qe": 65740.28327655276, "A": 0.06185674150179975, "theta": -0.04453255193542205, "phi_v": -10628.941363507322, "phi_0": 2.0815561432675205, "alpha": 34.745434793120126}, "lmdif_message": "Both actual and predicted relative reductions in the sum of squares\n  are at most 0.000000", "message": "Fit succeeded.", "method": "leastsq", "nan_policy": "raise", "ndata": 80, "nfev": 96, "nfree": 72, "nvarys": 8, "redchi": 9.845743195438369e-06, "residual": {"__class__": "NDArray", "__shape__": [80], "__dtype__": "float64", "value": [-0.00289796197555503, -0.0023605973447811957, -0.002832612768345538, -0.0017664393487837812, -0.0026331002390251462, -0.0012161818116429648, -0.0023867446279861003, -0.0007295041678395883, -0.002029989585782481, -0.0003688430956006114, -0.0015956664419203657, -0.00012304283686777329, -0.0011410431719465403, -5.548502662984511e-05, -0.0006758231847639141, -3.848697102834531e-05, -0.0003108946454061477, -0.00015532853026490462, 6.421059230699022e-05, -0.000460509209851058, 0.0003862755981254261, -0.0008204238351362317, 0.00047416561204233904, -0.0012771574403590696, 0.0005267989782773083, -0.0018196211684943162, 0.00037455472075004215, -0.0024000749247182485, 3.3500911558043134e-07, -0.0029234059773411286, -0.00046865621019284015, -0.0034130432420398406, -0.0011591794315173182, -0.00383500221378859, -0.001848002237920164, -0.003898031993063208, -0.002702504730181271, -0.0037417817303395324, -0.0032127570458908433, -0.003296450085293806, -0.003138222795994912, -0.002612461302445017, -0.0016116719847688449, -0.002327262586976811, 0.0011603058237994283, -0.005981573826032989, -0.0022518601380842607, -0.012695995260301338, 0.010726380809705192, -0.0031773837753409223, 0.006824917381049102, -0.00562658314967918, 0.002734019557901736, -0.002811032013946717, 0.0021908261673060786, -0.00023212424154504807, 0.002406553281713443, 0.0009676237495884824, 0.002795776209231597, 0.0013179387424775493, 0.0035902864089017474, 0.0014110805536215049, 0.0041809969715885, 0.001120842385134324, 0.0040928815096465685, 0.0004911999746201462, 0.00347020882212532, -2.7966376785142077e-05, 0.002534284190860145, -0.00027155621714409356, 0.001645070184674892, -0.00011865947900330936, 0.000828173550480836, 0.0003192308116524503, 0.0002192519054446257, 0.0008937859702503811, -0.0001275999063826208, 0.0016754105385622664, -0.00016624747304160026, 0.002480868285540387]}, "rsquared": -708893510070.5625, "scale_covar": 1, "calc_covar": 1, "success": 1, "userargs": {"__class__": "Tuple", "value": [{"__class__": "NDArray", "__shape__": [40], "__dtype__": "complex128", "value": [[0.04886712601759052, 0.043116994465509734, 0.03645566790291433, 0.029082966426668598, 0.02106086341101307, 0.012558707292684414, 0.003779067762083238, -0.005116570230921018, -0.013861393364336528, -0.022408080577617402, -0.03053586935053584, -0.03790809810994367, -0.044571379169115626, -0.05020724646825005, -0.05465182201420905, -0.057883313602509014, -0.05961413282013312, -0.05987485592482902, -0.05823255265184187, -0.054774781466112754, -0.049006023487115295, -0.040623795875061076, -0.029358165030952312, -0.018141829780910324, -0.04176293551729666, -0.04652717105062286, -0.04207006430427914, -0.036408443568331735, -0.02933629929803904, -0.021372392036650437, -0.01327911695993756, -0.004764026636255037, 0.004416999164650245, 0.013927484092097429, 0.023375017353424978, 0.032243436052092234, 0.04036431899674066, 0.04747303468585888, 0.053401610075815974, 0.05800663419648038], [-0.0370970924127725, -0.0436476657794753, -0.0493455212420234, -0.0540692417757885, -0.05766982002053309, -0.06008853526597613, -0.06121003494299966, -0.06112880111567614, -0.05974761482838835, -0.057017393081433956, -0.053096189676870895, -0.0479846428748626, -0.04175363938891137, -0.034526161391384466, -0.02648602250196553, -0.017709877390598257, -0.00834185281146954, 0.0012045018243160813, 0.010920112225970937, 0.020503208475341195, 0.029477481098482534, 0.03688142470307157, 0.04135258694841154, 0.03602447733392236, 0.01925688340597521, 0.030397898470417843, 0.0390540100604543, 0.04581665259707421, 0.05154293917165365, 0.05603625100661791, 0.05897916933030807, 0.06068143315913914, 0.06122818376310989, 0.060273493019033196, 0.05774871292449698, 0.05363184261648144, 0.048141055197965014, 0.04154163462345812, 0.033891148167001256, 0.02551140567274518]]}, null]}, "userkws": {"__class__": "Dict", "f": {"__class__": "NDArray", "__shape__": [40], "__dtype__": "float64", "value": [7093796170.530159, 7093896170.530159, 7093996170.530159, 7094096170.530159, 7094196170.530159, 7094296170.530159, 7094396170.530159, 7094496170.530159, 7094596170.530159, 7094696170.530159, 7094796170.530159, 7094896170.530159, 7094996170.530159, 7095096170.530159, 7095196170.530159, 7095296170.530159, 7095396170.530159, 7095496170.530159, 7095596170.530159, 7095696170.530159, 7095796170.530159, 7095896170.530159, 7095996170.530159, 7096096170.530159, 7096196170.530159, 7096296170.530159, 7096396170.530159, 7096496170.530159, 7096596170.530159, 7096696170.530159, 7096796170.530159, 7096896170.530159, 7096996170.530159, 7097096170.530159, 7097196170.530159, 7097296170.530159, 7097396170.530159, 7097496170.530159, 7097596170.530159, 7097696170.530159]}}, "values": {"__class__": "Dict", "fr": 7096111346.634955, "Ql": 19598.043833102754, "Qe": 36328.39018453726, "A": 0.06320319688484125, "theta": 0.13954283931126632, "phi_v": -9507.15435933412, "phi_0": 2.513904876999688, "alpha": 137.2972576584156, "Qi": 42076.22981295594, "Qc": 36684.97969298327}, "var_names": {"__class__": "List", "value": ["fr", "Ql", "Qe", "A", "theta", "phi_v", "phi_0", "alpha"]}, "weights": null, "user_options": null}