{"__class__": "lmfit.ModelResult", "__version__": "1", "model": {"__class__": "Tuple", "value": [{"__class__": "Tuple", "value": ["hanger_func_complex_SI", {"__class__": "Callable", "__name__": "hanger_func_complex_SI", "pyversion": "3.9", "value": "gASVVAAAAAAAAACMNXN1cGVyY29uZHVjdGluZ19xdWJpdF90b29scy5mdW5jdGlvbmFscy5waHlzaWNzX2Jhc2VklIwWaGFuZ2VyX2Z1bmNfY29tcGxleF9TSZSTlC4=", "importer": "superconducting_qubit_tools.functionals.physics_based"}, "hanger_func_complex_SI", "", {"__class__": "List", "value": ["f"]}, {"__class__": "List", "value": ["fr", "Ql", "Qe", "A", "theta", "phi_v", "phi_0", "alpha"]}, {"__class__": "Dict", "Ql": {"__class__": "Dict", "min": 1774.1016900570824, "value": 17739.501179844145}, "Qe": {"__class__": "Dict", "min": 1774.1016900570824, "value": 15116.163347533966}, "Qi": {"__class__": "Dict", "expr": "1./(1./Ql-1./Qe*cos(theta))", "vary": 0}, "Qc": {"__class__": "Dict", "expr": "Qe/cos(theta)", "vary": 0}, "fr": {"__class__": "Dict", "value": 7096406760.22833, "min": 7096196170.530159, "max": 7096596170.530159}, "A": {"__class__": "Dict", "value": 0.01115846408884632, "min": 0.005607427809933436, "max": 0.011214855619866872}, "alpha": {"__class__": "Dict", "value": 53.57949196686412}, "phi_0": {"__class__": "Dict", "value": 1.5502642786046268, "min": 0.9219457478866682, "max": 2.1785828093225854}, "phi_v": {"__class__": "Dict", "value": -10997.584288702055}, "theta": {"__class__": "Dict", "value": -0.06421571138687376, "min": -6.283185307179586, "max": 6.283185307179586}}, "raise", {"__class__": "Dict"}]}, null, null]}, "params": [["fr", 7096408999.895142, true, null, 7096196170.530159, 7096596170.530159, null, 437.1755459221232, {"Ql": 0.0005092488109988443, "Qe": -0.03806132139214331, "A": -0.12311374055239238, "theta": -0.8259364963470017, "phi_v": -0.2122132383539373, "phi_0": -0.9210124102802115, "alpha": -0.40511978479734656}, 7096406760.22833, null], ["Ql", 15108.329408990014, true, null, 1774.1016900570824, Infinity, null, 28.170497059487957, {"fr": 0.0005092488109988443, "Qe": 0.8265178271174062, "A": -0.502619815842929, "theta": -0.03941083057790253, "phi_v": 0.4074497952661548, "phi_0": 0.05801197385446609, "alpha": -0.21493024841826472}, 15116.163347533966, null], ["Qe", 17694.840324552875, true, null, 1774.1016900570824, Infinity, null, 25.566201935237856, {"fr": -0.03806132139214331, "Ql": 0.8265178271174062, "A": -0.44521695021924607, "theta": -0.0008543291822878769, "phi_v": 0.5378827476500805, "phi_0": 0.11564035940249605, "alpha": -0.1668824909278181}, 17739.501179844145, null], ["A", 0.011156561577575785, true, null, 0.005607427809933436, 0.011214855619866872, null, 4.4197368157579035e-06, {"fr": -0.12311374055239238, "Ql": -0.502619815842929, "Qe": -0.44521695021924607, "theta": 0.19340587387406716, "phi_v": -0.19877454800476946, "phi_0": 0.0840086112775666, "alpha": 0.5521740290078029}, 0.01115846408884632, null], ["theta", -0.0708432327128623, true, null, -6.283185307179586, 6.283185307179586, null, 0.0014415049212377733, {"fr": -0.8259364963470017, "Ql": -0.03941083057790253, "Qe": -0.0008543291822878769, "A": 0.19340587387406716, "phi_v": 0.16388149644106226, "phi_0": 0.7739269054932809, "alpha": 0.5353885108639262}, -0.06421571138687376, null], ["phi_v", -9910.19160101378, true, null, -Infinity, Infinity, null, 2.045124531146873, {"fr": -0.2122132383539373, "Ql": 0.4074497952661548, "Qe": 0.5378827476500805, "A": -0.19877454800476946, "theta": 0.16388149644106226, "phi_0": 0.39525765722671835, "alpha": -0.0017382113048264216}, -10997.584288702055, null], ["phi_0", 2.058075777103543, true, null, 0.9219457478866682, 2.1785828093225854, null, 0.0008776659249444995, {"fr": -0.9210124102802115, "Ql": 0.05801197385446609, "Qe": 0.11564035940249605, "A": 0.0840086112775666, "theta": 0.7739269054932809, "phi_v": 0.39525765722671835, "alpha": 0.3695068098242653}, 1.5502642786046268, null], ["alpha", 49.09103301769693, true, null, -Infinity, Infinity, null, 2.0249752604406925, {"fr": -0.40511978479734656, "Ql": -0.21493024841826472, "Qe": -0.1668824909278181, "A": 0.5521740290078029, "theta": 0.5353885108639262, "phi_v": -0.0017382113048264216, "phi_0": 0.3695068098242653}, 53.57949196686412, null], ["Qi", 101866.5978199339, false, "1./(1./Ql-1./Qe*cos(theta))", -Infinity, Infinity, null, 750.1953107671233, null, 101018.57115674476, null], ["Qc", 17739.33647853359, false, "Qe/cos(theta)", -Infinity, Infinity, null, 25.69619276894993, null, 17776.139943962135, null]], "unique_symbols": {"False": 0, "little_endian": 1, "phi_0": 2.058075777103543, "Inf": Infinity, "e": 2.718281828459045, "True": 1, "infty": Infinity, "loggammafcn": {"__class__": "Callable", "__name__": "loggamma", "pyversion": "3.9", "value": "gASVJgAAAAAAAACMFXNjaXB5LnNwZWNpYWwuX3VmdW5jc5SMCGxvZ2dhbW1hlJOULg==", "importer": "scipy.special._ufuncs"}, "fr": 7096408999.895142, "newaxis": null, "wofz": {"__class__": "Callable", "__name__": "wofz", "pyversion": "3.9", "value": "gASVIgAAAAAAAACMFXNjaXB5LnNwZWNpYWwuX3VmdW5jc5SMBHdvZnqUk5Qu", "importer": "scipy.special._ufuncs"}, "None": null, "A": 0.011156561577575785, "nan": NaN, "erf": {"__class__": "Callable", "__name__": "erf", "pyversion": "3.9", "value": "gASVIQAAAAAAAACMFXNjaXB5LnNwZWNpYWwuX3VmdW5jc5SMA2VyZpSTlC4=", "importer": "scipy.special._ufuncs"}, "theta": -0.0708432327128623, "inf": Infinity, "NAN": NaN, "phi_v": -9910.19160101378, "Ql": 15108.329408990014, "alpha": 49.091032286183534, "gamfcn": {"__class__": "Callable", "__name__": "gamma", "pyversion": "3.9", "value": "gASVIwAAAAAAAACMFXNjaXB5LnNwZWNpYWwuX3VmdW5jc5SMBWdhbW1hlJOULg==", "importer": "scipy.special._ufuncs"}, "erfc": {"__class__": "Callable", "__name__": "erfc", "pyversion": "3.9", "value": "gASVIgAAAAAAAACMFXNjaXB5LnNwZWNpYWwuX3VmdW5jc5SMBGVyZmOUk5Qu", "importer": "scipy.special._ufuncs"}, "betalnfnc": {"__class__": "Callable", "__name__": "betaln", "pyversion": "3.9", "value": "gASVJAAAAAAAAACMFXNjaXB5LnNwZWNpYWwuX3VmdW5jc5SMBmJldGFsbpSTlC4=", "importer": "scipy.special._ufuncs"}, "Qc": 17739.33647853359, "Qi": 101866.5978199339, "Qe": 17694.840324552875, "pi": 3.141592653589793}, "aborted": 0, "aic": -3369.4258773334636, "best_values": {"__class__": "Dict", "fr": 7096408999.895142, "Ql": 15108.329408990014, "Qe": 17694.840324552875, "A": 0.011156561577575785, "theta": -0.0708432327128623, "phi_v": -9910.19160101378, "phi_0": 2.058075777103543, "alpha": 49.09103301769693}, "bic": -3344.824486811593, "chisqr": 1.0349547778435635e-07, "ci_out": null, "col_deriv": 0, "covar": {"__class__": "NDArray", "__shape__": [8, 8], "__dtype__": "float64", "value": [191122.45795230643, 6.271629507338066, -425.4082791406324, -0.00023788047478972177, -0.5204974995248287, -189.73527969059182, -0.3533870093157898, -358.64025615700564, 6.271629507338066, 793.5769045786196, 595.268566801616, -6.257927475670206e-05, -0.0016003914668459489, 23.474068741924487, 0.0014343045957506376, -12.26060136998991, -425.4082791406324, 595.268566801616, 653.63068139336, -5.030768283165392e-05, -3.14852818647269e-05, 28.12377324515915, 0.002594805949328196, -8.639661158992151, -0.00023788047478972177, -6.257927475670206e-05, -5.030768283165392e-05, 1.953407352056581e-11, 1.2322028193296945e-09, -1.796705683654374e-06, 3.258738052316424e-10, 4.941878990539083e-06, -0.5204974995248287, -0.0016003914668459489, -3.14852818647269e-05, 1.2322028193296945e-09, 2.077936437952719e-06, 0.00048313200524005865, 9.791411702800455e-07, 0.0015628053825683648, -189.73527969059182, 23.474068741924487, 28.12377324515915, -1.796705683654374e-06, 0.00048313200524005865, 4.182534347898717, 0.0007094622429970821, -0.007198500678495427, -0.3533870093157898, 0.0014343045957506376, 0.002594805949328196, 3.258738052316424e-10, 9.791411702800455e-07, 0.0007094622429970821, 7.702974758086838e-07, 0.0006567066373092899, -358.64025615700564, -12.26060136998991, -8.639661158992151, 4.941878990539083e-06, 0.0015628053825683648, -0.007198500678495427, 0.0006567066373092899, 4.100524805396851]}, "errorbars": 1, "flatchain": null, "ier": 2, "init_values": {"__class__": "Dict", "fr": 7096406760.22833, "Ql": 15116.163347533966, "Qe": 17739.501179844145, "A": 0.01115846408884632, "theta": -0.06421571138687376, "phi_v": -10997.584288702055, "phi_0": 1.5502642786046268, "alpha": 53.57949196686412}, "lmdif_message": "The relative error between two consecutive iterates is at most 0.000000", "message": "Fit succeeded.", "method": "leastsq", "nan_policy": "raise", "ndata": 160, "nfev": 74, "nfree": 152, "nvarys": 8, "redchi": 6.808913012128706e-10, "residual": {"__class__": "NDArray", "__shape__": [160], "__dtype__": "float64", "value": [-2.440668199860975e-05, 7.203719032265049e-06, 1.1180834975643705e-06, -1.5554562705430083e-05, 2.884612165641315e-05, -2.179265946961051e-05, 3.704688811303428e-05, 6.3769751752033865e-06, -5.963023214743818e-05, -2.7619096387512115e-05, 1.4654159351491433e-05, 3.011931807668164e-06, 3.844991978812877e-05, -2.2060883344412335e-05, 7.567432946806001e-06, -3.2426807233774946e-06, 1.569922926400241e-05, -3.222025478344902e-05, 2.701744710291486e-05, 8.573367959814962e-06, -5.653374745718696e-05, -2.054867838050152e-05, 6.0324588669437035e-05, 6.914869995525499e-06, 2.5643760826570255e-05, -1.0927934772567496e-05, 1.6896713287092445e-05, -8.954110185230985e-06, -2.6987596614031417e-05, 1.8599591496750237e-05, -2.398152791479322e-05, 6.147374859521645e-06, 1.2461075996899381e-05, -1.2306013325316667e-05, -2.3006665008954916e-06, 4.372305326004813e-06, -1.0512213830670032e-05, 2.042484015030155e-06, -1.808255443645941e-05, 1.392020525098174e-05, 2.5604454686410302e-05, -1.1869653262028962e-05, -4.05461563024994e-05, 2.7256655987139417e-05, -2.1746839261489737e-06, -1.0996523076010553e-05, 3.8077061147532426e-05, -6.948896733015644e-06, 1.0971289652583413e-05, -1.1057004994037382e-05, -4.80480686747449e-06, -2.1287070482720397e-05, 4.253318940261076e-05, -5.665624739089638e-06, 1.9024611199534858e-05, -1.3202954662201206e-05, 1.6266777976208652e-05, 3.828198772340332e-05, -1.0112966829815481e-05, -5.0447454533668855e-05, 1.9852245294573606e-05, -3.354327323003021e-06, 3.312892650443426e-05, -5.54441033234071e-07, 1.0188679023404729e-05, -1.941980209456992e-05, 8.98115481114993e-06, -1.503548464271327e-05, 2.5034759587096514e-05, -9.446822173492323e-06, -6.755854929249572e-06, 4.5616008021698816e-05, -1.6293123834883877e-05, 9.512951958014519e-06, -1.8269330876428264e-05, 2.5893586505514217e-06, 3.204167100010792e-05, 5.484528636379941e-06, -4.795340443654317e-07, -2.3623462410526062e-05, 2.3560754667670963e-05, -1.8653701310839682e-05, 6.356365245494336e-06, -9.077285362593494e-06, 1.2775080539090614e-05, 3.104464341827269e-05, 3.88629199930407e-05, -2.603336722963815e-05, 3.3051426645086535e-05, -1.9294286170594595e-05, -1.3431144369136817e-05, -4.7956969295021024e-08, 4.7866495979210534e-05, -2.0018265610557973e-05, 5.945078810519998e-06, -1.1369040886562154e-05, 2.4869147227306364e-05, -8.599641447542411e-07, 3.1063341013238234e-05, -5.744736693039879e-05, 1.3759487308433638e-05, 4.270092977187896e-05, 1.0094998794049409e-05, 5.241157539518726e-05, 4.8041620421423624e-05, -1.961776007724592e-05, 3.88750312849467e-05, -7.809955929531176e-06, 1.1697683899306727e-05, -2.320182173714885e-05, 2.3017491722632406e-05, 1.1041448619358504e-05, -1.8867783507043635e-05, 4.3198997229122564e-05, 1.442595596544069e-05, 3.350735132848833e-05, 8.028755395253322e-05, 3.2624032160324945e-05, 5.456232179959931e-05, 4.833018028311056e-05, 1.867913089293946e-05, -2.9970101933333992e-06, 1.643386759378083e-05, 7.4721064210435395e-06, -3.276101827544135e-05, -1.326973083702089e-05, 2.588563992666571e-06, 1.0014083348046376e-05, -4.063343235068167e-06, 9.701000530413367e-06, 3.161605915484827e-05, -1.3224964823631627e-05, 2.6120679656113643e-05, 4.9974514647296506e-05, 2.3731722748172e-06, -9.552706139243777e-06, -6.051927457174401e-06, 3.6896125188165194e-05, 6.604510364860948e-06, 4.386301585448775e-05, 2.997202051729757e-06, -2.4137849131064537e-05, -1.7354434973443356e-05, 2.809566364458775e-05, -4.261811439865929e-05, 2.888339354330076e-05, -4.242562090364492e-06, 2.2992383884604117e-05, -2.881865067763667e-06, 4.183509513715211e-05, 1.0589329263351044e-06, 1.2938456209133503e-05, -3.560047360476326e-06, 4.498304861356127e-05, -1.5114646763266307e-05, 3.863717486387794e-06, -2.5436518036096867e-05, -7.882597882301681e-06, -5.864102347681935e-06, -6.363340061770525e-06]}, "rsquared": -103495476.78435634, "scale_covar": 1, "calc_covar": 1, "success": 1, "userargs": {"__class__": "Tuple", "value": [{"__class__": "NDArray", "__shape__": [80], "__dtype__": "complex128", "value": [[0.008647478052389931, 0.008131337458876557, 0.0075710188619206465, 0.006990845442167653, 0.006478967947091017, 0.005762542232630831, 0.005066195563915944, 0.004397462487977832, 0.0036661484293898077, 0.0029117168059393313, 0.002235980639064026, 0.0013475233859764288, 0.000602244590979178, -0.00017330638920905553, -0.000913981875152662, -0.0016976956440637203, -0.0025068597313713695, -0.0032526955653471544, -0.00398883268340483, -0.00470526543464903, -0.005448556517063842, -0.006053614628973043, -0.0067308729476444175, -0.007373844178408953, -0.007909535581796535, -0.008412977344417899, -0.008932399762800745, -0.009330392931633949, -0.009695208319816346, -0.009979225147510075, -0.01025924925624771, -0.010459156656940798, -0.0105563753143892, -0.010605826015873076, -0.010599981072243681, -0.010470598408112482, -0.01028449228768472, -0.010023462069110286, -0.009728412279689028, -0.009259999866420371, -0.00875292634800928, -0.008104231826491512, -0.007373359654086011, -0.006551266609195624, -0.005583126424054254, -0.004462080202163226, -0.0033506643558981154, -0.002077914254282183, -0.0008983353473642839, 8.619476005282079e-05, 0.0006046432994549956, 0.0002989615257274361, -0.0009801132731398078, -0.002805993598673363, -0.004544275802813569, -0.005740040446003299, -0.006175452131262976, -0.006102455336696995, -0.005661145872294056, -0.004879160945801017, -0.003942556346749817, -0.0029620681561431357, -0.0018989376483688014, -0.0009109168190110527, 0.00011166809708185814, 0.0010732265038203772, 0.002049377053786791, 0.0030113558189194547, 0.003921013232493434, 0.004768822443095078, 0.005588899330098162, 0.006378877446892555, 0.007124371579407367, 0.00775452399614909, 0.008367905550138159, 0.008923052528280715, 0.009429450217257725, 0.009884038391262366, 0.010277437852077733, 0.010580008949835126], [-0.006596749280101217, -0.007172223380442417, -0.007728132835876436, -0.00827939843129809, -0.008726660418638557, -0.009194119645842238, -0.009559060563095382, -0.009918912812099263, -0.01018005478434523, -0.01045835899572927, -0.010612693320732322, -0.010768370657707927, -0.010822574110455086, -0.010839770460105489, -0.010825339626206033, -0.010713588280391272, -0.010538691160558897, -0.010342229219780473, -0.010070788198526042, -0.00975858523429867, -0.009355019886667228, -0.008964220279009678, -0.008445700536894694, -0.007921211276219772, -0.007342621609939847, -0.0067145410490199045, -0.006071763985787127, -0.005368342248183314, -0.004689757793894267, -0.003840313842952336, -0.003099830258457501, -0.002292226965624239, -0.0014444386268395802, -0.0006059878619053765, 0.00024021457659074213, 0.0010405220363451078, 0.0019296682979283713, 0.0027807103144464437, 0.0036054789473734393, 0.004436976177027356, 0.0051984774426943395, 0.005906189352463208, 0.00651709765577293, 0.007136298749408431, 0.007572002401570896, 0.007833139901284654, 0.007913364248271097, 0.007668359052977679, 0.007035209085513863, 0.00600943257043463, 0.004390022281559143, 0.0026742317859405535, 0.001385186400830484, 0.0009171315516037195, 0.0015295602773303923, 0.002814974980058467, 0.004362962090101369, 0.00589280008186523, 0.00720773516693637, 0.008261899798103933, 0.009149124003877625, 0.009766521056920188, 0.01023477460584468, 0.010503201259655901, 0.010659818424733604, 0.010720218063973193, 0.01058912927788761, 0.010486474108451395, 0.01019282100138923, 0.009861570894048453, 0.009535181892518015, 0.009024720758942202, 0.008507630974825967, 0.007944548651131993, 0.007309210422741358, 0.00667906104732154, 0.005950268721662036, 0.0052617022314477, 0.0045155281547691745, 0.0037325126375870187]]}, null]}, "userkws": {"__class__": "Dict", "f": {"__class__": "NDArray", "__shape__": [80], "__dtype__": "float64", "value": [7093796170.530159, 7093846170.530159, 7093896170.530159, 7093946170.530159, 7093996170.530159, 7094046170.530159, 7094096170.530159, 7094146170.530159, 7094196170.530159, 7094246170.530159, 7094296170.530159, 7094346170.530159, 7094396170.530159, 7094446170.530159, 7094496170.530159, 7094546170.530159, 7094596170.530159, 7094646170.530159, 7094696170.530159, 7094746170.530159, 7094796170.530159, 7094846170.530159, 7094896170.530159, 7094946170.530159, 7094996170.530159, 7095046170.530159, 7095096170.530159, 7095146170.530159, 7095196170.530159, 7095246170.530159, 7095296170.530159, 7095346170.530159, 7095396170.530159, 7095446170.530159, 7095496170.530159, 7095546170.530159, 7095596170.530159, 7095646170.530159, 7095696170.530159, 7095746170.530159, 7095796170.530159, 7095846170.530159, 7095896170.530159, 7095946170.530159, 7095996170.530159, 7096046170.530159, 7096096170.530159, 7096146170.530159, 7096196170.530159, 7096246170.530159, 7096296170.530159, 7096346170.530159, 7096396170.530159, 7096446170.530159, 7096496170.530159, 7096546170.530159, 7096596170.530159, 7096646170.530159, 7096696170.530159, 7096746170.530159, 7096796170.530159, 7096846170.530159, 7096896170.530159, 7096946170.530159, 7096996170.530159, 7097046170.530159, 7097096170.530159, 7097146170.530159, 7097196170.530159, 7097246170.530159, 7097296170.530159, 7097346170.530159, 7097396170.530159, 7097446170.530159, 7097496170.530159, 7097546170.530159, 7097596170.530159, 7097646170.530159, 7097696170.530159, 7097746170.530159]}}, "values": {"__class__": "Dict", "fr": 7096408999.895142, "Ql": 15108.329408990014, "Qe": 17694.840324552875, "A": 0.011156561577575785, "theta": -0.0708432327128623, "phi_v": -9910.19160101378, "phi_0": 2.058075777103543, "alpha": 49.09103301769693, "Qi": 101866.5978199339, "Qc": 17739.33647853359}, "var_names": {"__class__": "List", "value": ["fr", "Ql", "Qe", "A", "theta", "phi_v", "phi_0", "alpha"]}, "weights": null, "user_options": null}